5301
64583363 30 3798
408207545 87 1677
940787325 19 1938
119899721 58 4669
150662376 48 2945
359781517 7 4513
122781862 2 97
249697590 52 944
732151452 29 12
570478195 30 996
534599806 28 2803
667389003 90 69
300557866 99 871
910145260 21 145
882872647 48 543
66530981 7 1707
572830541 97 3759
953592656 31 299
345070789 35 1297
882968971 41 786
987063955 95 2160
411655263 54 3308
351093560 40 368
641741019 73 687
720924719 46 891
39167057 101 2926
727363260 83 239
284485157 21 788
370539705 36 480
793051909 71 181
316833148 54 100
517117361 1 251
715686547 32 1025
242208856 4 1268
656618664 49 1334
884035804 10 2675
514750590 13 2136
749005174 76 2222
848254962 68 915
675058728 96 431
833929290 48 2014
857511835 37 332
489936425 81 8
751472871 67 3215
278976639 94 1642
509234283 29 1194
409773158 89 2119
254455219 7 1597
352027305 64 834
801052811 86 2636
50391249 34 502
192661528 19 1151
165970715 53 1974
672601234 19 3024
224147558 41 3530
326281085 8 378
522824287 2 4243
995524987 75 18
722093633 99 147
901067174 35 932
298812896 51 579
579006388 52 1345
824030304 22 138
626196025 66 2492
61079974 61 4851
567541533 9 1322
78312913 32 569
971059588 21 2111
139043953 79 1389
676083616 11 270
538508795 54 2359
931408094 95 3146
41765246 44 1175
456655865 56 152
383674693 16 1601
874013439 64 3326
963319522 98 1263
665650373 52 401
195268426 31 2608
273326536 18 450
11711181 6 269
374932127 48 167
332023134 86 3174
13014125 8 29
493854196 12 1248
290841027 99 3768
896729658 16 4398
413270040 60 3179
544679296 91 2091
527000168 23 15
709886424 62 1566
766684300 35 2013
52856940 98 3927
775581297 27 4528
820976015 9 443
329196629 16 175
854939310 51 682
494462552 69 286
94875820 7 1870
186770894 30 969
420782695 63 4521
518336902 89 3468
171256926 29 4475
171647324 12 3073
228416446 98 882
277725302 30 2408
760790593 66 608
577798276 22 1777
105263613 86 939
872336274 9 973
335187282 95 690
13931094 85 1358
391427023 17 85
802953049 68 3670
427502276 47 976
834208986 46 3638
484999831 61 1116
634947814 86 2759
581751948 82 237
456840062 25 245
359740245 5 2564
668806897 17 694
136337635 45 1285
194070718 91 9
615890964 87 219
361675483 48 197
684639927 82 355
342031344 71 5
510926081 30 504
833892272 79 1338
184732785 41 128
489567249 14 332
259924271 74 299
600861611 52 1209
331793511 77 2548
935769578 82 174
996065011 93 369
758952297 46 1222
468887410 61 2490
698025019 7 4056
704379699 19 1634
216652144 28 540
643325053 95 1997
893165642 51 1508
689997553 47 3393
703496674 24 42
660520397 77 485
215697158 37 1230
835109532 82 1164
836051967 90 3292
43174049 1 131
582444664 39 965
236486154 61 2374
102176269 15 1323
171357799 96 1079
657183827 71 131
205946878 37 1950
754755702 29 764
11116140 89 1016
869970079 8 1394
67115835 17 985
481760405 15 3818
346612366 56 56
344943478 91 1893
933736705 11 734
896984300 4 11
460818082 74 625
237147218 95 1077
821097720 15 2418
435470954 74 2060
541947082 91 2178
195942995 33 566
711095596 62 686
856156300 85 391
240872021 14 439
135450240 31 2934
311218506 1 263
821795247 13 319
243152043 56 2155
61274531 82 151
246907412 41 1948
592005967 58 311
55657646 52 1051
754079441 97 4935
669723241 30 1781
616298116 95 210
647582676 62 336
638980140 21 2171
60633160 96 2846
974214723 27 1275
787286621 78 297
431177949 38 2235
430890894 77 34
806237785 79 2467
367362806 62 482
318846447 29 423
471188900 14 3153
744903714 21 758
614993334 13 312
687735744 51 811
895543732 99 904
166057756 99 466
3274831 84 1514
972028820 23 1903
637616349 82 3021
231338176 68 208
753825457 59 739
480168882 11 3104
948262793 59 2587
932272269 63 1392
279438912 53 1034
72399373 15 1480
937312606 46 115
988274147 12 580
591327596 100 765
882237472 45 99
587110914 15 2056
261698930 23 1960
240067953 7 1726
927972974 79 3790
748311687 98 35
974004291 26 3818
283382748 9 1914
286749403 39 661
688248327 68 1845
810829341 19 30
335696489 91 3661
181806743 68 259
499717254 82 1312
411415254 101 275
624849478 27 842
474384768 100 3218
522252948 81 104
661045725 47 410
405584921 53 2163
945159200 59 898
849029792 71 428
914121819 53 1810
503058626 81 1311
891333201 75 6
801964757 5 2390
62418516 15 3566
64328432 57 360
600202112 4 2770
380929601 6 736
509105066 98 1129
414118667 5 1957
804367902 37 3458
934584303 13 3056
614895192 95 862
260096887 85 2204
825087800 101 4178
347535068 41 1262
432604410 28 372
89899022 80 3749
213323689 94 2259
358221025 98 3507
971363475 82 1896
584609230 30 1000
10473766 35 862
929975628 45 2267
707159199 60 3379
291070495 63 1804
469941529 30 81
555323287 42 737
966654297 83 293
753542454 15 132
557066498 89 109
532559864 66 1344
538975060 24 3542
175262914 41 723
948358566 32 528
266995361 57 4777
167712967 54 3831
297893351 100 2362
970284437 101 501
261149230 11 129
102194616 55 446
529813402 76 536
240418512 73 957
427536762 23 755
840436631 94 462
710380450 68 759
108727607 1 2306
696041260 45 1241
707513737 100 1442
775281916 58 239
931398752 49 4478
898192487 90 80
585893682 4 1668
634634577 1 2630
632408110 44 4392
799804167 71 1
884479419 6 324
891337506 41 772
558488073 24 653
499152521 37 616
325757332 12 4004
737405516 76 2810
366614713 100 1616
813575223 82 1038
55332506 66 2591
574751662 81 418
397820696 100 1336
217157600 66 506
924335086 41 3365
354937328 17 580
826763656 43 1038
806648731 53 2935
342610500 48 2397
13029231 53 1121
362041652 99 81
862298033 98 2598
837890129 27 3006
781016567 60 486
286734166 17 59
378323159 98 1533
553664221 65 2728
586034366 77 3129
555788864 43 3296
233832907 71 4466
257339061 28 1408
483624264 50 3035
573271454 42 2823
853997482 11 171
448797755 78 461
874410898 92 1013
843506076 50 2
504588771 44 1750
845108617 68 1835
417321662 45 329
475250691 80 4127
887087158 4 41
715886329 32 2049
502222954 1 559
367806789 48 618
125475825 12 656
464942010 18 459
49782180 13 4396
993577337 7 1
294745529 72 1488
912714948 99 55
420832666 55 2522
880527525 11 2136
583858020 13 245
47198309 82 247
452013302 62 225
644139355 92 1165
67824690 90 3094
572691915 94 317
655839763 98 218
107737625 43 3418
275785082 33 217
422109277 53 639
951168327 17 2281
458096704 14 49
661189677 3 761
150461470 18 725
14481995 85 933
260410171 22 3098
139265035 43 489
823726291 6 1342
840029408 64 1797
468075935 7 1691
869973769 19 1003
199141231 82 869
50114364 48 3276
620242396 24 1454
967041724 43 713
657669937 31 995
92901653 13 940
306609222 70 80
48044410 2 1550
148212268 70 2731
771218787 44 791
610381791 62 1432
94401380 23 2076
595981475 75 3496
227229686 31 1903
2943151 18 713
244502511 79 336
443506626 76 1647
299796568 44 680
857457210 50 16
477976118 49 1018
136278471 57 3149
125973593 32 99
47571492 61 4290
76916396 86 4312
638339071 82 13
720056628 22 2858
913593910 77 1051
874630230 47 375
648923286 65 560
428478607 22 3084
640782019 85 776
700434927 28 1176
39554660 37 2925
844857205 55 4247
693353973 67 1825
942502427 59 109
219026264 75 80
972035551 39 4336
323217180 101 879
188360855 27 218
652893224 71 90
607165947 78 40
984287229 83 1057
517897219 35 16
786691338 15 266
21874408 64 2521
43624794 91 1323
569566945 91 1579
778011547 19 1340
473647397 81 2594
419237540 82 837
187149308 8 568
901513475 97 1627
125927283 74 3697
399092627 64 1123
976427000 61 268
915876640 61 1988
799588170 37 93
23251396 91 606
227583734 95 2606
414438704 53 1023
514452568 5 57
94727104 20 1879
711620098 41 1991
784185020 37 765
266099079 23 669
312759670 2 276
787444796 10 1071
753910317 62 4018
859244091 5 329
349379976 46 2818
107150501 45 2324
180619226 5 93
47881308 34 1716
568886107 64 219
463245722 67 3534
913932777 59 335
688944972 33 746
195242737 2 601
457669887 48 20
253192880 45 43
748084768 39 955
16537908 51 442
525315289 50 1833
190132581 50 634
379190978 54 39
786029029 36 866
312538148 54 2828
85170665 46 28
657240122 3 325
382675122 11 1055
6958027 13 443
749574469 46 2952
968843506 7 2228
48721838 96 2105
542824681 3 159
550718932 31 2090
684889404 51 234
624565081 76 27
133888906 12 139
39137133 65 5010
704244124 83 514
307684271 75 2025
19128050 38 2970
780263171 51 879
98020899 3 112
986739638 90 1236
724788621 72 1677
100858169 11 1788
611390752 13 1935
657773591 12 377
408956692 69 106
736278422 39 806
182210607 61 1882
179718965 72 942
160467974 70 3547
882692555 32 388
177933787 11 1375
33214445 41 662
795797049 64 534
887565904 92 355
196305293 22 2498
79234091 42 217
631518787 4 2401
183465967 97 31
990065577 7 2613
957538677 26 1780
964106941 87 677
359778584 99 206
10965589 47 94
468604653 66 3538
845429925 99 77
505917889 86 257
69235078 26 898
694391394 19 3220
699497473 80 1464
336163505 97 2838
428802501 68 3737
463404362 31 3833
234116677 63 788
316385193 93 3110
271761890 32 283
411116198 24 334
209927887 4 558
390323185 75 2376
672837601 91 3690
78415443 53 1230
536865755 8 670
431216872 79 2608
130583579 71 189
953721921 46 2188
900746412 50 88
827479005 49 1493
945566836 10 1974
62418172 84 1407
770425495 40 3607
321550103 60 330
459299828 48 312
755589077 83 1158
676175923 86 363
597418864 6 552
536448586 80 1292
833074853 73 4472
919953760 41 2496
835618204 32 1353
801809029 28 1060
63993696 68 1243
92416578 9 3038
812207941 25 208
337160664 35 978
118562177 62 773
196379131 39 1143
922683363 34 2885
391380627 7 2017
918730514 17 863
793511441 86 794
919193825 80 292
802176858 54 1462
274416890 46 1259
784529799 24 773
378325342 43 556
923473658 77 765
834931772 15 62
64776871 26 2799
331960871 15 1
816434001 16 528
508078574 91 1392
684295896 91 2768
264009477 13 3309
413818581 11 731
770592827 7 2024
150589197 66 2092
797661388 38 1708
15468946 46 143
326044959 3 734
59811048 25 1651
396658918 97 2076
818197066 20 1361
831303149 96 2041
39990564 26 1741
479610104 55 605
95572913 76 1038
745110166 78 3310
370602741 52 955
697880967 91 2427
84648454 93 106
540148262 56 154
679646169 65 3099
493192910 97 2654
6552971 52 56
869945957 97 357
935938267 45 246
464721333 86 719
53820000 96 966
77041515 100 461
79589777 14 1340
180108653 93 1288
97104195 48 128
153554125 14 19
359686305 31 707
860632490 3 3427
213066658 90 1858
742085163 86 1215
731807250 92 5
475992005 25 1152
979738489 85 20
353228104 53 2636
979671662 21 427
384485323 80 345
283287934 49 2474
762533419 100 23
830446934 89 118
990534482 19 14
314494388 6 280
904608692 19 2957
378109126 15 943
916008680 58 207
697497423 28 39
199440878 92 5
735612012 41 661
207640433 36 340
887376994 84 268
104058471 23 923
368453934 95 3778
492907262 28 15
40801713 28 88
54828515 1 3010
125423341 64 4424
573359128 14 3331
429107747 41 1926
388338228 75 1350
220795442 59 1907
377649582 78 71
795304572 3 597
773921294 93 248
566097722 71 199
812344830 6 276
153504959 32 2091
720529350 47 1820
324022874 37 675
392966228 29 3365
173461992 28 1465
365972783 69 420
802758787 50 2748
809656135 12 2844
381044151 75 1156
834362521 3 2947
318581491 51 2178
647278804 74 2797
5025997 45 922
126087111 6 801
35195555 60 3036
252056888 90 1432
555846729 70 2250
325862671 64 39
181050441 29 2631
547358831 68 1503
271182444 56 388
686996420 18 426
930671669 80 2927
28649615 28 1321
81829860 93 3497
690606081 40 1086
747332987 63 2192
277834570 70 335
185820291 4 2667
246194910 23 2111
639371727 7 141
295176144 101 495
234175922 51 2596
43501844 90 2816
956761735 64 1028
51442370 21 666
387992618 83 1829
887730462 57 194
437743033 59 3115
509666378 11 45
13989632 22 1777
161705265 35 469
471654507 28 360
556229465 55 1181
136753598 30 541
935122237 86 3542
777303556 95 3
266934319 56 894
778753710 65 1720
286870864 58 962
796120152 15 224
792717120 75 1199
669988398 42 30
584062011 6 1
499405534 14 644
475876851 63 587
767593520 38 3056
521172508 6 3977
903176322 49 1556
75814847 87 1841
92765352 90 145
464491610 70 1329
626479968 38 1317
432935076 75 806
911258219 54 680
83919582 45 1594
945806652 67 444
734281921 72 827
245877273 89 4029
514266315 26 2970
276891345 77 194
452095220 100 936
226944444 27 2552
297796912 49 2226
881734761 74 1126
337352847 88 1546
285955525 24 2102
749819592 71 1080
83728513 68 210
329212449 8 2633
516624589 80 716
555680816 96 2133
25657328 3 966
414654712 34 657
357428045 101 2298
877732038 35 867
201269110 67 1118
482050049 76 237
500260285 98 1521
849752702 99 1085
813924751 46 3624
633114954 63 66
931480265 28 1110
926616621 17 2115
824083501 8 286
152313648 6 2479
259581956 62 780
533623225 53 766
565450409 43 70
772162167 79 781
115364910 23 450
178952421 100 560
973299316 44 1751
386926883 81 712
418343400 81 4183
217272030 19 4269
949697045 14 1475
277890404 37 48
660556368 52 136
971303743 66 39
468055438 52 2050
217454232 88 231
624489641 43 1431
852493524 79 600
9687171 54 1589
93596057 1 385
125041150 47 187
476031647 90 2422
369522127 70 1725
608178750 6 296
232496057 29 420
135279941 1 391
418321067 65 1755
382543947 39 1577
847461577 45 3511
444784584 50 5053
66141050 71 2076
426639778 23 1438
160217193 30 1498
572348019 80 716
752605789 100 3534
203486625 37 4325
482155804 48 1464
45129822 95 1427
259438267 17 10
527494817 49 613
591504277 42 1592
415200720 61 340
73958820 40 3337
814561619 49 1409
498072872 55 55
888334079 82 940
705244955 61 2905
671449431 15 645
581498354 38 1062
893522307 6 2460
11253427 73 559
651367475 11 1752
613873584 10 1533
500103826 98 1135
733047809 58 1641
280342061 22 1225
179934514 17 1108
857177666 45 1720
97436314 94 2035
823741541 18 217
689537039 92 2064
514004392 93 632
650199111 98 5
95446353 59 1257
316793448 78 2708
12180621 92 287
6551424 73 61
780281788 39 1582
802547742 6 687
722895860 32 884
767707603 60 2908
638071313 45 391
103825069 36 619
812033283 76 3061
46350019 68 497
639019667 63 468
868592104 75 79
473952351 101 425
704648992 96 360
20665144 87 1205
484099583 55 822
630336171 61 124
286918483 59 352
254402391 92 686
898333048 4 2514
767008920 36 4168
885919177 43 412
800703553 3 201
970928099 60 35
192828378 13 2207
710618800 46 70
185880416 45 263
33871810 83 2065
609617506 32 91
453834086 56 93
436235725 37 2284
153442925 39 221
633485184 13 1843
133178357 30 1485
219700580 13 1184
833370726 97 1540
163825374 30 2088
715116374 47 989
510804777 55 1279
610158279 83 646
860174582 72 1047
465685041 69 311
3200004 88 21
466685503 85 21
951159191 75 407
142483047 60 3122
739351763 73 2454
986388444 69 2754
813804133 1 1350
654908045 43 542
543807399 6 66
797977747 7 1364
800489938 84 544
682492976 32 807
194773553 1 1491
857567510 81 426
1648213 7 1474
70025283 85 82
855923416 19 325
678174490 74 739
195994601 52 414
508146952 50 1014
580781704 23 2277
732623283 71 898
77365429 10 234
196184678 60 2213
606429404 100 1650
180331524 74 2074
306026435 71 43
386113594 30 1355
896986115 79 402
288034266 13 2111
450973176 10 553
698002739 4 710
670532934 86 368
5494916 25 1871
506944855 77 997
731154756 60 1115
952400914 36 3094
468414267 57 560
687826239 9 2291
957945202 40 749
487163919 7 1064
676238834 73 170
150613105 47 3294
842882959 8 2163
39917727 70 2263
487502062 79 1644
921161332 90 127
808917776 16 8
277568399 64 718
980915738 14 45
495935882 71 960
635458267 1 3322
672443076 8 2361
902754511 91 736
589963411 72 791
537846914 29 719
48998212 28 2495
99939503 44 2429
621811985 10 2608
937368785 28 305
753179953 65 143
951768123 61 1145
5376439 8 118
339215758 24 83
986783231 33 4410
625102736 40 96
747515020 16 3684
4043220 59 2353
786860897 68 2999
136540130 77 143
671950607 94 201
569116029 71 1036
682647192 79 276
273405147 28 1374
712962111 82 1287
229771002 96 69
512771676 69 2935
694979345 82 1169
584161110 64 269
938576783 5 862
94707742 59 659
555723053 42 381
803955728 96 2100
166410366 44 83
299349100 59 1051
33301280 57 1703
768209654 71 3905
275193591 53 546
3033477 33 484
850011523 39 2800
483682897 54 74
389622118 26 38
797793109 13 790
302447031 38 3859
941982035 39 606
201554593 86 3869
935206520 68 1024
96723460 59 108
565633173 55 2467
717008985 94 2278
273858768 42 3260
237880702 38 363
480402999 92 677
189707743 10 2087
503660432 101 856
774890110 76 2760
385983471 25 1377
884470045 45 151
790710211 4 293
502738000 49 1594
369481484 86 1826
552100491 79 108
51289516 71 1239
684581892 71 972
207970851 43 1397
391384598 59 483
952595892 56 243
208704734 58 4215
800628672 53 1742
103672947 92 1739
271622035 61 502
27231845 94 380
167123179 16 4028
294559505 49 675
899082087 8 209
472194322 78 385
374728895 76 1291
422192718 49 295
17220518 85 5074
544775200 60 3201
992564299 5 338
895155301 64 3677
304279982 93 95
160770012 90 328
574858860 89 65
583599548 18 1239
446226275 27 1921
654386224 13 2291
758633881 18 1367
525820241 59 2358
654125461 77 40
250417968 63 1837
433697716 91 46
22538254 59 1661
575341869 3 1545
66323440 10 15
130622877 100 163
502856854 9 604
288892480 90 388
106577521 96 3381
373294776 15 2689
725858463 42 1
942980543 59 2384
513535972 6 59
181743736 94 678
100813442 17 871
125678289 52 84
805505999 16 23
29994672 89 1512
298788472 61 78
379133427 42 728
917730533 98 221
855661177 84 11
343901617 90 3866
907956050 54 645
884034034 5 847
707086785 101 89
401519361 29 716
798636636 15 610
671268008 62 3289
930686873 59 316
304077431 19 977
322067407 61 891
569446429 53 1604
541544686 73 8
863545961 3 1
929630197 79 4038
179671125 42 1301
938806011 14 86
980875762 11 1131
414127710 96 1296
451606538 83 1995
661504494 33 2925
819119699 70 644
864983457 12 4788
268522142 35 1656
501341718 45 140
613692812 59 1500
210969803 44 854
865234861 73 12
451660373 16 2499
538884227 47 4327
447965596 65 12
369090668 78 2095
451165146 68 227
170005476 92 1330
775117860 48 1969
880584707 85 2486
433480533 70 1881
970362476 56 4
974358579 48 29
23716045 50 794
513047979 39 477
787107696 19 519
114437340 24 8
475277575 78 307
758093982 32 706
69640168 18 799
248269253 47 1
985109266 4 2427
322304550 3 50
219137607 98 288
453613816 31 540
421046202 28 349
830343274 73 190
324969582 11 2127
137647159 86 1530
560829035 93 4279
80428269 97 2026
403635851 56 3044
489143961 29 658
433686094 82 201
54330726 32 1727
1253325 24 408
64298249 9 4658
582589478 86 1745
540381367 94 1264
269955677 99 2239
365086981 52 3585
104016297 12 2388
643522283 68 538
637732200 77 1215
429323745 57 1691
532937815 19 2098
967692366 32 977
95594291 52 654
242944482 64 738
558454338 78 1780
813433724 45 2383
614225149 18 605
361181135 81 504
186601621 12 224
478043983 36 2254
198720736 28 1070
181131171 4 3658
694315680 95 26
958615937 62 1659
371035635 60 2456
195653991 47 3142
51960778 25 2447
31499307 62 77
252122180 80 2471
715211218 27 1107
220853875 29 941
672800590 99 1102
536028301 72 1201
596112257 1 340
289779947 17 2164
232001214 41 368
451260808 31 521
784671341 56 12
423625688 23 4675
899341421 88 294
417627657 94 66
601337658 54 2464
193293065 71 8
694346770 36 315
26276528 11 174
105913948 2 1321
927069787 79 82
606151955 68 2231
534456235 65 427
188433661 43 470
556306897 76 1044
559014006 6 942
963640918 64 1248
90410608 15 615
473551243 13 818
742898202 69 3061
848761242 96 1664
641400364 16 198
386492728 36 366
167970999 27 1101
64101999 85 452
45695339 98 3079
115562695 51 39
808498683 5 1487
101158319 92 1536
200194784 71 853
5524752 39 1711
164248313 96 39
318761631 87 389
136925618 96 399
363656934 14 1010
683290595 9 240
20806172 39 25
374544275 101 3324
135048272 23 467
987868511 18 319
955221918 57 323
666457029 52 1240
947434008 39 2685
783356815 5 313
144796960 46 2250
173965745 37 2458
995489156 58 433
350472720 7 127
852742744 52 926
287443297 75 1931
85588264 26 2976
850102777 36 1960
169273783 11 4377
82244044 79 1044
967063911 16 82
599166938 92 3552
148814641 16 3475
482895114 62 1734
674820732 69 1758
934537885 96 2571
344419573 90 182
527989658 91 216
684331288 12 152
741608313 89 1537
919685143 27 550
143789993 53 1262
523571828 61 264
825533175 46 1020
886581278 48 320
715272184 1 304
184775487 15 3158
968488689 15 1652
829186515 22 2748
294562598 12 2133
560831723 87 1233
773848896 29 732
463622518 70 2923
438150577 61 1049
632216936 44 211
762357584 76 1988
258144999 49 3902
64594636 83 2538
393790767 90 3
222954512 47 29
360665491 91 277
886546020 11 4363
976760107 17 1729
793068597 75 57
329940575 12 929
745647917 87 640
300575441 7 2530
164121659 28 8
787054527 49 624
692825567 43 1399
506425842 18 494
500575867 63 764
333053045 26 2159
897994533 73 3557
863916201 4 1419
256407902 26 348
48199992 70 653
885658330 59 1862
99131833 32 2490
59670488 21 2832
353313316 83 1022
672507921 26 1471
836952597 24 3337
105822252 91 3509
21256407 85 93
577561246 91 2939
865199589 87 3573
747439265 63 2292
334399064 85 882
768060692 84 115
189162114 13 1887
55065972 59 833
16413240 34 143
398360019 96 167
726868757 89 740
262862472 39 2160
152612267 55 1122
45650665 15 18
606267801 72 1852
564542875 9 37
672780527 73 1935
88011260 10 445
650236044 48 2984
20759926 65 2228
791496987 54 49
803831499 54 846
56972021 57 186
396197176 65 1250
147581223 23 1797
478859677 28 48
713086948 64 1126
295254588 61 1522
14884141 93 455
68661596 38 4511
895900056 100 800
866197207 40 1035
854068185 33 823
233613338 82 2511
891583135 58 4401
271693480 9 28
686624933 9 304
198611251 4 1455
410259031 93 1580
850712877 70 13
144205621 9 121
272753427 60 405
847524134 97 1700
86152738 96 2947
856266068 45 11
737020822 8 476
577866759 95 1196
300616839 53 3502
833844808 39 506
646958622 49 1151
620622043 71 4099
145927280 74 770
290078620 97 1475
903810085 6 1107
498348088 89 349
632286716 17 2391
374600116 45 2412
984980553 55 6
960601465 24 345
937956843 55 465
445566229 5 40
985189701 85 1213
480072524 95 142
497702560 15 274
459013350 3 262
805558858 98 3994
601475711 99 692
138939999 5 1045
311646703 53 1304
128047235 4 339
434075794 24 1531
716353569 63 37
681164282 84 1152
412363742 74 318
505164103 3 4046
377868404 65 842
655777106 100 440
543090790 58 3338
69487030 51 105
254583570 80 916
343846306 80 402
38645158 54 608
372063394 47 1308
957235425 2 243
823952717 92 1121
53301702 74 304
613331686 22 1450
12252245 101 544
424582425 18 477
336116094 14 87
525998139 26 2260
656750967 93 664
231082858 42 179
437829012 95 1030
791399781 55 1195
105426939 72 29
523925935 24 465
407858707 4 1489
816240119 88 2908
861808859 62 3934
742443199 25 243
671097785 34 3379
263734464 63 179
379078987 5 1370
869089897 2 1403
35707243 28 1047
147674928 31 142
491400941 69 4205
899372920 1 352
948823418 16 245
377670901 101 1168
599036539 51 1633
277738693 40 548
422224229 42 401
958029116 26 1686
342562113 70 1011
375270708 94 892
305987270 87 944
845854178 11 2652
78619029 72 708
214653334 54 720
677565196 11 2341
740131467 44 227
375857064 17 1364
871316766 93 2257
334185482 27 141
676903098 8 532
593587061 33 779
76202496 60 1778
873538004 83 217
744062428 100 223
745980768 4 3836
195264328 64 3
660875498 10 2242
357694910 46 544
345028080 3 2576
462462831 23 2139
595680994 86 82
713339632 44 3587
120812127 58 3104
432475290 86 287
282539796 46 2581
705542212 64 3126
412714037 60 3337
845730391 11 190
636757107 70 1361
64356692 76 1684
711521265 23 603
460870149 24 3014
8621720 60 716
817832299 9 1769
196912842 69 780
741935513 46 773
96492423 93 3249
733808592 2 358
669097911 98 2404
917953601 25 1126
675395138 67 5109
166538217 3 825
336602345 70 160
769562142 78 2329
775439250 14 201
443493763 63 148
572901209 100 120
634986331 81 1273
102908733 32 333
357361391 53 3377
965946093 51 1793
954278626 66 903
431582193 53 2232
785290360 70 3263
67344507 25 455
533065092 87 79
878092456 73 3136
279712369 24 15
169706982 1 2367
867801827 98 158
736526478 91 4781
866174939 29 1797
762929007 28 3527
467687137 26 139
992521358 99 2165
101012305 63 2562
15221856 90 641
242759418 81 2573
331603013 60 170
75011647 64 1219
451870439 21 1050
264173830 79 2043
620029420 93 30
399185542 80 32
670106316 27 136
574948179 82 1561
939876523 99 2249
273035090 40 105
320249365 33 680
747310123 61 1430
149152519 20 1391
606789564 49 145
757378565 27 307
979533383 82 242
751199709 18 1120
562978284 59 249
376923386 66 339
743012671 75 24
801262921 75 1008
200302952 88 2794
71049512 7 257
441682462 87 3556
895842085 5 2667
223838580 26 2651
490521027 18 1832
434376245 13 283
161767606 53 572
105254719 49 819
888434872 19 394
585081640 1 1419
197701586 12 3013
561822573 62 685
908115853 61 235
678165978 35 3357
109161104 3 3620
509396422 49 765
222837567 20 2055
232653372 83 1079
872931921 12 4422
512673298 43 25
498242513 37 2101
726528502 65 237
279918389 19 157
456592817 63 76
751667623 35 1953
66135773 45 348
518670719 16 3481
584420937 57 843
141416502 39 129
831131542 24 3498
330475981 74 2091
356597960 14 241
539457112 70 1464
305472910 97 1453
548443701 70 494
43042705 7 405
164134354 101 84
295407583 56 999
336330396 47 2174
766455024 87 2665
835719754 30 148
856618670 21 2743
20148076 24 748
108660092 39 64
617034797 53 285
907747262 94 968
584254130 72 117
859133018 10 1806
7408011 41 2166
176949737 17 1359
583512855 44 2455
965165704 55 3726
981135264 101 477
777732431 56 3457
61007767 38 145
544327454 63 2751
338945649 53 511
799442743 14 711
468399906 23 3338
292383047 90 135
435940536 100 1034
920261274 64 4489
350078845 2 2617
956651792 12 59
614239647 88 89
311662300 79 1628
205706061 49 3455
514945937 9 1347
240574105 34 759
933236828 55 3067
548795059 12 1443
525575380 12 706
96414085 88 207
100039414 33 439
344042996 7 1457
246260126 82 1013
382746517 79 52
162257952 89 4208
408728806 58 164
270089558 76 63
195714363 58 3988
874895457 8 448
272934145 1 1575
394998445 76 521
593075617 38 829
964863256 7 12
434266355 91 305
496971824 26 53
259996892 86 379
27355147 3 3737
62099947 38 415
84651170 57 486
331654703 29 1030
260478193 100 54
809709721 100 1062
891058650 47 2177
529887551 81 2035
781314892 21 2111
240728187 45 372
734123011 92 732
428651899 66 77
814817530 89 2606
557261761 34 2220
475292254 82 102
260730967 52 888
541949175 39 418
777470630 85 1276
339190435 11 2843
951304335 87 2078
761614070 71 618
88719522 50 226
510757187 4 1008
862934656 5 1
849328507 49 493
315473176 27 637
238981833 2 184
782043559 2 1617
112313865 86 2063
484501976 35 708
247851164 39 252
841519594 51 984
881548048 24 5
627692703 66 2078
129488698 97 415
392642093 59 244
616251649 15 2140
675618837 27 566
456027506 86 1386
420993805 66 1592
718182828 2 147
540438684 72 2226
5085539 95 2647
414937110 68 786
151619912 65 2765
111718399 23 250
279981953 11 836
705753521 28 571
658992739 65 282
510625460 66 550
942958766 2 2437
804130393 101 1816
85573857 57 2009
750309555 77 508
841667353 24 93
566086401 63 778
786039759 53 2417
159747031 61 1724
141099213 20 2722
534770544 47 96
234446129 80 1998
888005099 99 581
913847126 35 358
637196092 35 1493
946402674 6 340
61524074 50 1245
664691455 7 4147
795581434 101 944
980267893 10 2532
589160836 93 768
53803288 33 3252
183353372 27 187
681689915 21 2541
310593655 63 183
240006041 4 2939
166481566 70 640
498277802 41 1524
179864636 23 626
93751846 64 3055
620164781 51 1872
432864138 37 220
832255673 5 2869
925939141 29 1076
796382675 91 2896
669435285 12 434
808952926 38 215
285197201 62 101
866453028 8 768
559441292 78 1989
984293600 84 98
477420235 75 9
760577231 78 2244
159230746 12 1851
985931734 20 1029
318441830 72 3527
797336038 54 170
617669116 23 116
279552893 7 2456
134792595 96 1318
644739062 14 2861
86046566 10 4256
662167367 43 80
631110454 3 1241
175903791 9 124
205207887 76 420
602208943 83 532
922133221 61 765
478395044 50 1749
125759842 52 22
702466638 40 1297
127892439 48 28
971246920 17 1612
389246394 5 4402
810724306 93 941
7371737 43 2161
909204258 33 1246
704975318 89 110
794854778 12 2121
868132771 43 2529
890441922 32 1371
827053284 27 2483
675545972 83 3200
869960759 11 820
258377468 34 778
940315694 6 455
402642666 56 308
736543176 63 1697
510322192 43 1215
211006903 71 555
152178704 93 1578
333047444 37 2439
806607862 6 106
887017080 79 49
547827532 65 3684
562437204 29 12
730251759 81 2444
516583112 55 60
632280441 35 2154
264049129 83 4678
595711001 57 162
15875285 81 3939
151155537 38 1160
371967837 7 2914
826493167 8 1165
599103248 98 577
170717530 74 2549
962832438 79 1105
214118415 40 930
728444208 42 382
850627267 6 802
751034134 1 191
515207787 98 773
626117080 67 371
570431143 8 703
218568892 19 1859
775243397 33 541
856685211 74 1064
255555939 57 793
274573512 92 3012
486040002 29 364
799805506 3 2357
238174364 93 2122
757202461 3 711
990782038 90 2659
119601123 87 4269
891887046 34 76
213860358 38 2586
750823125 78 1797
541421623 30 1042
946113288 89 1510
254776703 18 3748
56761679 70 4883
930351354 30 1643
794501770 8 3835
547757817 83 3160
929033151 49 2674
541265572 96 541
969464731 31 3552
823799850 61 1801
150864880 55 909
47525909 30 3246
856878253 96 77
524414240 43 3478
800679497 2 2938
143272624 70 2154
272110938 77 1717
60814196 98 23
653758921 99 649
404687590 63 691
525307392 9 1334
987156936 36 881
341322408 29 3348
889690376 92 1470
776546992 16 261
271912188 95 1095
602864332 32 4672
629206344 44 1582
144603573 4 3500
476205276 24 3803
212751665 82 79
999497414 87 993
823029346 37 2094
590799193 34 439
435620823 54 843
493654313 5 3544
832073893 23 1330
313294250 50 3452
294416953 48 179
168885466 31 43
19270261 81 3185
3578194 33 1756
149354190 90 3807
800618959 11 3870
542501432 100 191
542734146 49 3092
44338818 12 2050
804949815 58 116
67652483 56 200
3885089 16 448
114592618 87 1574
330662435 33 1413
236192121 8 1908
370907196 91 134
108395883 34 4
425806006 58 4188
15814076 23 2229
373981265 2 3589
861885121 47 598
299303868 63 615
20902306 11 789
890086629 50 663
26482463 99 338
205083050 75 298
146083681 19 1290
819420300 52 9
363446461 15 154
332445158 94 142
685587205 9 2856
941402561 8 1157
176417534 51 1830
522076059 54 1916
492754232 100 115
230581194 54 2384
862073835 41 479
244451342 20 652
424898318 74 2625
103376842 18 400
301822718 88 3643
731396396 69 1923
781574661 20 1154
960571703 60 1846
37116950 1 427
475034771 84 747
663518058 73 2079
658525816 17 1100
77036651 45 3573
66995094 61 22
621138023 78 3664
893854468 82 240
260726020 67 1845
164083946 97 928
363083993 74 1085
769675509 5 305
363162097 62 2803
500331491 19 3
996116187 15 3183
388156235 87 1099
83112673 100 122
648326029 97 987
753078235 96 864
583061320 37 693
434322624 22 1787
291944317 57 4
815193616 2 1343
256291903 7 1796
310510888 95 2947
897653665 4 91
542608980 46 1532
631209954 11 1610
141268754 18 4408
161509370 101 718
781501812 7 350
562357396 49 323
347158355 38 2203
35082116 10 1151
489930368 35 434
22441863 96 3377
886181909 101 574
583992600 61 937
571507313 95 859
623196142 6 1019
80817073 15 76
682905066 55 748
901775138 99 987
202552561 26 910
439842940 85 339
430085065 37 996
147467398 66 1348
899999703 98 111
896843363 75 1014
217247575 23 1279
427108505 79 3669
602519817 43 1102
731338522 61 162
997226866 86 851
278526162 91 1634
511344021 97 3173
640350617 27 1950
495634282 4 1878
421652358 86 2075
80137263 80 3507
612144284 19 2762
681367751 59 107
618341362 13 2589
723114081 55 4812
898531895 59 784
918511299 1 223
706123938 13 175
599304670 40 1994
161242512 29 1101
904290602 69 8
600345183 80 396
814758493 100 66
398861446 81 1425
30769020 18 233
498603763 4 103
218466669 27 2512
346101936 54 356
956639027 34 496
8315047 92 2466
903303331 69 2639
570476073 16 1569
18664261 31 220
760965237 30 604
938945408 37 2196
653948784 1 6
353757946 51 3292
136479987 5 2186
170750553 98 1835
109228011 55 489
555481222 79 103
942853946 3 2951
346652510 14 2055
936984730 87 1469
410263893 67 1008
892202053 99 224
168867108 39 488
76884125 22 1784
136350006 27 1324
112052416 4 2931
89320217 96 3102
946667142 79 684
166675798 2 3
27543475 80 457
217256849 95 471
184671204 3 761
164706441 26 36
440461932 44 54
716140585 4 106
293944377 26 2410
526568566 13 347
569280762 92 185
542733991 100 304
913672685 82 2040
512859670 49 1123
600606466 78 2167
186514909 12 106
707620115 97 800
59358004 42 924
521108852 46 1390
565085223 90 304
112155309 95 114
860851039 45 682
403672374 92 295
768633857 27 1474
652991161 47 1092
221284650 39 860
693187403 57 2241
610871670 80 402
770757868 93 143
115283102 73 663
670492973 49 274
13536084 29 391
771637764 79 1613
338569278 91 474
91810385 90 574
995538462 8 2472
988725504 24 205
141555393 98 1076
313398906 53 2354
647390000 48 1570
810258552 39 2204
462849087 72 556
685575881 21 602
428769367 52 104
238190203 33 2633
934649670 83 436
452771137 33 564
30774478 95 2418
674859814 79 3997
551232049 9 432
687351345 38 19
998528489 76 2143
349043240 51 559
773417967 68 1285
535901069 55 1635
366492484 2 70
744937113 19 810
329765484 42 3875
833433961 9 50
370935591 31 639
245479480 79 2329
580089512 82 2472
441361402 87 1008
694153270 65 1861
835940283 31 396
917431811 10 278
528586241 71 286
704119963 30 989
168059874 92 1765
271397625 46 209
341990128 42 392
476234140 100 654
820452922 32 1072
959362709 47 496
8161846 81 4690
289259550 28 2425
881664289 78 1127
386322760 89 640
378126269 9 1532
337363910 66 369
689521699 1 59
509590003 64 53
255154096 10 511
525277655 13 1112
753375629 61 72
403998523 80 409
846229984 30 1162
173241960 40 629
202767858 84 1310
572343425 65 574
325255022 96 1679
202166345 69 211
996212217 34 1031
367147017 89 2817
834442935 81 92
685675480 76 1259
199104076 42 73
644914473 51 902
977383342 72 292
199295797 15 1412
738312212 83 137
683368200 52 93
461111456 57 351
373874170 47 199
130694036 87 4594
644806464 3 15
791806729 64 235
104462692 92 1268
528585208 97 61
343596379 24 536
431634198 70 3751
229581508 54 517
408800518 49 438
157717291 65 213
388206077 101 77
650442789 97 1505
302949947 100 976
134403009 71 86
544694431 32 646
336116297 76 4106
201380914 24 1478
443074183 37 812
227548492 93 2863
794791928 10 86
776782665 79 927
19599714 77 451
768470660 89 4
638633340 74 3090
63724330 70 124
807720325 101 1377
970550372 20 1027
875201147 20 57
969217086 87 6
604920827 89 3477
442972204 55 1495
332661599 12 774
455008866 47 2809
520319018 1 2404
125257312 74 541
890178284 78 1492
223184772 75 2585
515440719 24 2786
219375873 53 1774
141118717 52 5001
703453036 70 405
32079331 61 1692
35539647 14 613
881689049 57 2721
4463692 26 232
687911089 94 842
152900290 23 1044
474713001 30 957
893510501 23 146
585615269 45 2038
717368516 51 1281
551536230 31 3109
34411154 64 127
272500205 32 822
879496911 98 70
496709238 65 4477
418129991 49 1368
85100250 64 961
137587807 67 846
449111156 6 179
467159449 94 3341
14436020 85 491
417113357 19 2183
15253969 20 2441
611049926 61 2920
700534098 80 3611
318176499 29 3510
993908501 63 675
244661783 28 2716
117441839 49 894
26900550 85 546
859678746 79 156
279883404 1 466
353530111 16 2054
969805776 96 2176
486549113 24 23
110559172 75 696
303354 97 2529
421790980 32 394
79005805 93 159
764588797 67 2120
650972075 76 1918
362371392 44 100
875466093 78 2361
788670012 32 1287
536947731 89 696
88545120 79 26
982624261 63 345
354890477 24 4249
153462853 5 704
379436580 12 311
863628788 35 1017
133686336 67 2572
283487374 29 570
819238435 23 1107
987828969 57 2543
39714458 56 1706
436744354 73 3711
44089793 90 827
292142174 68 2494
890055923 8 2512
329268943 8 3598
221149688 76 186
673129626 42 530
805955953 47 1590
398662949 76 349
52469602 62 572
786573191 53 3639
478460848 21 465
208527881 11 283
310294663 73 1546
118556260 68 403
357220138 100 1323
252583807 25 256
700197082 42 2044
3337271 77 225
94481436 23 495
686465329 57 2037
614314564 67 1206
659838210 1 167
78790727 22 335
797950016 57 499
737888315 95 350
584791410 92 515
25054733 21 1396
683175604 22 1442
374578599 56 5179
279022695 73 1905
155889325 89 10
616644032 95 501
573209737 10 2288
265185520 80 2094
300801038 7 1021
489863208 11 160
846825744 16 97
459168107 59 1036
923416656 53 1547
450792185 15 153
921002399 86 16
154582205 33 169
707640579 49 1787
739188170 76 822
379387570 75 3663
378101189 78 7
693000030 74 2952
658181217 25 142
449873757 89 985
226501796 93 1080
982939060 2 188
365927677 52 131
667611118 33 1561
393022469 35 771
943665985 41 2631
683535332 8 664
502485048 91 17
31532462 34 2915
332977118 76 1217
451353603 5 2243
751299756 30 1971
922685277 30 183
943644064 15 2180
21226091 93 619
916594506 43 2008
775936144 51 270
107404073 74 793
339458420 51 2070
409871417 33 106
851547855 14 495
825963895 29 335
630010313 8 1065
459315614 1 1815
968923296 68 1851
532152956 99 1374
401063260 24 395
320763414 50 530
735258278 32 1809
709538970 38 1122
112958982 26 1720
274864457 83 1445
90514869 30 86
388708740 87 698
423102414 79 3190
742855165 80 1036
321641033 48 504
467539624 38 982
1112269 48 355
620880291 38 102
181861290 29 690
525122919 16 1868
276743969 75 3389
474446371 31 1823
995405037 33 531
903735719 62 132
208492413 3 116
302538012 59 3876
723263545 24 4768
297241560 38 679
786939096 17 391
442909514 57 246
906963085 42 574
518293323 34 47
859733362 34 987
760797532 34 1611
603209173 51 2311
47247737 60 240
944791400 75 497
84945323 4 1379
88563891 42 30
976327849 83 920
962533573 61 3158
101914345 4 636
360019453 65 96
365347628 69 5057
866786828 37 957
707631762 64 1213
657120394 43 1102
259961234 13 24
402678619 24 637
835576159 36 136
2792161 6 25
221551931 60 199
700164177 11 124
63344262 94 1167
318215851 86 1026
52035843 96 911
72853780 29 3124
828786873 22 201
564868231 82 647
911979938 86 3159
299793240 39 44
884437781 8 96
133741971 9 1523
365417220 59 2040
525820683 24 356
167442660 95 2369
515662001 99 2229
779861322 44 151
122742233 85 4002
72455419 100 386
207221697 91 256
519474055 85 2594
303196072 84 1199
513445521 24 2849
36215747 79 3742
465524569 32 798
657894220 24 2174
179163081 15 39
52875770 83 3010
137892782 1 377
656535552 39 36
118410506 8 3940
556506809 98 1079
476966070 2 1432
948931598 52 4412
916625858 64 1299
304376876 5 4177
207720870 49 84
328114244 36 588
542069487 18 1285
795692539 68 191
922610544 37 2088
206751985 4 328
70592353 72 3850
760730127 59 370
608415302 10 1251
75392023 60 274
710204558 66 1333
35676179 63 154
194427909 48 1052
952975262 90 1763
194768674 81 1180
330832499 80 1500
247415268 20 2115
668643657 66 346
885542160 72 500
186153703 82 44
198957745 11 364
336729483 70 2192
299863319 21 1054
786692647 10 1335
289863718 18 463
88385793 40 2281
763308822 57 486
191364378 69 1047
270896722 24 284
976858529 69 217
977699040 98 362
823307081 88 684
39520570 94 1511
853180641 96 1077
262652805 99 2172
427161383 11 622
629529951 37 20
281485538 93 943
705346476 92 355
600279420 13 422
760000366 82 2462
575136493 25 53
468525669 45 376
895228193 17 96
810285769 62 403
945327403 99 1566
377103097 29 904
742203921 66 275
249783405 5 4497
29984395 42 1266
848460471 4 3877
990657818 17 999
826172032 54 2162
471520814 34 805
904828189 5 15
680737663 97 1594
858549041 15 1922
863078436 9 3
456590076 89 12
832759596 84 857
488325333 39 1283
543162217 85 2040
833319533 33 2648
332822195 17 471
423276001 12 125
411758110 92 1201
724176588 72 904
654701593 52 3398
724066124 16 2075
161112880 50 844
339913990 17 328
518959039 39 807
301918867 93 3562
646606586 13 29
68913057 13 607
775167449 89 833
171892227 8 67
81053024 85 1739
343696027 99 1645
53910174 4 474
349771927 26 884
213635851 23 1096
763532732 88 1873
310357531 67 695
285118608 16 84
454309876 90 222
60959529 50 478
526091321 4 3
790519018 97 1494
801932321 49 808
138303631 7 1288
812796428 6 2058
629861393 89 2874
228516855 29 3006
888128048 100 943
381649360 35 757
620992744 85 124
121224971 50 1249
713052460 81 57
642239630 27 589
429168888 83 2979
86382002 30 1715
530297591 26 3690
483128003 34 2111
156583181 3 926
158263820 79 1303
763385296 8 1443
159792013 44 1188
117191434 68 1825
57235620 74 639
43289897 42 277
29819297 38 1880
959661543 36 18
88096537 21 317
368370603 18 1796
371266671 35 1615
286151856 55 153
891837324 3 1858
860531606 85 1889
556852994 87 114
648917692 70 163
524257077 69 1160
416579723 52 1364
644136935 90 885
65183145 36 3020
888878737 51 51
752872846 92 400
594915864 38 394
881090929 70 665
937578604 16 101
509168117 89 62
545676029 89 4282
550474508 57 3035
887286218 86 3741
477947607 62 3434
767691140 78 666
790454128 2 2504
209537283 54 1066
256735005 93 2513
707970857 98 678
687255897 21 3520
898485251 72 1000
611018112 3 1106
293883202 3 1555
126332034 13 103
890883784 21 1061
995257126 51 662
380873405 22 547
211062098 37 475
312385111 18 131
754151053 8 1318
794975711 46 373
465065726 84 3197
136562018 75 1034
677469371 47 1355
656031682 79 2472
714339578 74 1008
453558440 61 2087
471153789 61 4258
865928022 33 1594
826186173 73 1315
928135663 39 434
34793330 51 6
643712973 57 13
258333245 41 288
294150446 47 208
672644627 66 2420
901506116 6 497
295944401 97 1124
139454427 71 2487
743568381 95 106
476634548 53 1057
221054389 42 1149
375056228 6 57
194920886 22 4478
26772426 12 2226
325869036 11 1466
579822458 22 448
503210210 75 952
312208162 73 567
392132753 91 1364
809560452 48 1555
773607556 39 41
239244737 88 2934
536247353 93 79
990134243 70 487
82195184 72 3334
803047498 80 4339
813275825 94 742
855617359 14 166
847799621 87 2017
415001701 75 839
601537218 28 465
639715734 10 31
233481507 57 283
796661331 68 3573
656202921 63 49
539386372 62 3430
540038990 72 263
853736774 66 9
38318069 23 3484
741786810 73 1919
297903653 4 3186
789222333 58 763
997589638 5 2104
441820513 90 628
600375732 32 831
816211759 75 884
710038460 96 4357
34564575 92 275
624879720 51 4674
485283446 97 1347
815385056 74 168
679720524 52 2443
550937940 59 4714
216900283 83 125
804794866 20 3441
453680984 67 1
206935264 13 991
114088416 15 4116
555013079 77 2422
82844480 12 2551
79210824 60 107
488640745 17 108
83247569 7 503
293845666 33 2783
875326617 70 2600
462303901 40 2293
143004925 36 2632
847212805 20 351
479340796 89 1136
195598683 56 1851
578049536 42 376
519041120 61 4423
147202684 100 647
541989307 28 883
686925393 45 291
629584464 35 2897
458738328 94 698
717820932 85 1064
706617646 41 180
966917605 15 1500
439247834 3 147
997366116 82 1
431326673 8 519
304312155 39 2780
715114160 76 926
771407876 85 1605
371677327 26 1243
491886269 86 1263
773527705 24 125
753629456 16 919
464662888 37 3487
181143576 15 865
450063218 3 271
356998241 9 8
525200777 10 850
41818232 83 489
384843519 78 1708
535791534 8 989
480551565 17 4775
557016687 36 175
29719009 4 1345
469261088 27 1901
593255820 1 1182
307918219 38 123
923106960 53 1774
31151178 87 2176
489182794 92 2541
109217707 12 785
470174153 38 133
311328404 4 2903
447943927 72 858
4059693 89 3824
863903201 1 276
58255944 97 44
477664518 85 630
9298516 40 1600
539531439 54 1004
692077665 10 1541
323345014 21 659
264393202 50 2293
128812350 79 1673
655360877 99 412
879381253 52 5
980891839 57 72
165255644 73 1019
642017244 95 1190
440979556 75 361
771647329 71 657
593225264 20 1673
505785442 69 1127
396892317 42 623
232933889 53 621
338504936 93 2800
328336776 47 472
632741864 58 82
194401022 51 471
498016293 61 276
74870944 81 976
9596562 87 80
388336536 89 239
437164908 97 2619
533537239 51 1157
410597271 7 625
714508942 24 4168
32937180 63 403
497749357 14 3288
49846733 100 1100
373260983 24 308
219318565 78 1803
987459075 42 156
504734435 12 560
167381600 87 3753
676100605 63 1797
78062564 72 62
68002080 37 491
298045066 83 306
259011084 84 4251
797771335 93 292
780316127 39 900
886734723 23 797
786151202 9 16
987611449 38 54
89240788 36 1877
785651511 71 1059
544643503 61 159
877720065 71 1855
48220833 97 211
214213636 67 218
895393241 39 2117
934140419 8 3065
339409574 8 2202
662130301 1 2949
715956808 4 38
996635558 27 139
682208391 78 1146
799299076 44 79
865844163 69 2424
921261264 72 46
142743774 75 3109
999342852 88 140
327447163 98 827
295921614 5 194
424980895 7 2190
910698482 75 99
878974180 21 4143
705599852 17 17
515224466 72 66
263707945 25 1751
339900428 82 906
57944879 50 632
861287539 10 379
820490406 72 2435
906408229 70 437
877715174 2 4219
626674512 39 3000
178109416 6 492
71397807 66 778
725797832 60 1521
508277577 89 4848
358663031 41 2156
83199016 45 2112
234897550 47 1096
262338705 31 941
703080414 12 798
553184342 87 3697
837793940 32 1642
902147993 85 513
692619467 62 725
670521210 93 2713
602869182 26 4959
459915844 98 126
657522193 13 229
210600492 88 1645
723848331 44 3549
374720698 58 1645
159820979 4 188
435983832 21 1316
708311008 60 2331
602354750 13 1766
454859366 70 3185
618753665 84 126
4030579 20 1787
99291677 58 1793
490525294 89 2636
376892059 23 487
181647580 91 215
139237189 34 835
441227291 4 3155
514754069 54 258
434063477 60 2317
38514260 52 755
346933235 98 472
71413852 48 857
333853101 79 149
845994658 81 357
861770708 9 1170
290771417 47 3486
784109273 84 837
523028622 53 466
999183552 36 509
476648568 101 891
887141011 41 201
594436398 1 3547
671925566 78 869
487595283 52 470
593375534 46 3724
571423926 84 518
822848096 99 99
804209121 82 5
285764390 64 956
622926520 50 725
970445950 43 1318
270733391 20 201
661694047 66 173
367586848 72 1107
990932891 28 1855
233637310 37 2319
176219172 47 4495
546811087 73 1882
774582740 42 101
796744436 49 94
973634890 18 682
540574908 51 1105
304099016 4 1806
70253772 2 75
662240082 92 959
576715417 90 313
997041275 82 1391
628906620 92 3056
758010764 93 71
577703677 90 567
454214860 101 654
633394386 83 265
437861543 91 2102
79538261 92 394
420947480 59 4529
394681147 84 48
601544615 31 1749
866735230 58 668
360826550 8 2021
342268433 30 825
857461011 2 714
30573551 59 581
61570759 55 1352
416821516 40 494
319558929 63 2054
202914883 59 632
58348603 21 881
846425439 15 639
593445650 50 4487
991018633 65 844
280505962 14 729
919044233 2 3446
587527099 38 314
932048597 89 3201
311890154 47 153
205974845 9 250
805480898 73 2661
885688560 18 489
569295285 54 1845
418364481 55 1556
831568505 63 2003
621877974 43 687
857881983 70 1378
393104566 56 3636
90917137 46 1170
861553200 98 1491
578297652 100 1014
247633498 77 912
619039339 25 2314
23091016 7 2757
715580359 70 4053
865566393 81 526
265399861 17 1740
936846190 40 2091
833889356 70 2944
347560751 57 525
434901513 47 626
120450455 35 196
764288149 74 74
100078348 66 41
562472103 42 1139
517332375 29 3442
131429414 53 1399
736609546 97 1241
729425078 20 2913
577172170 95 539
583419758 2 1041
601310904 21 355
620257407 88 531
86007504 13 80
448287241 35 618
138693155 70 57
761656019 65 1250
557294737 39 218
97783540 14 418
30721156 82 4220
926575536 61 1629
418487673 12 2783
787642919 100 1404
224923847 41 610
32071979 21 2221
276377320 93 457
651537708 29 55
73999222 78 464
192268170 12 202
601180165 61 1151
908716697 18 1260
12924563 6 1204
908217635 17 478
399946367 50 2500
714631401 100 1987
487031278 69 550
966511262 8 1103
248588764 43 2161
141918738 15 516
612490373 69 2849
320655394 99 957
870093387 88 1581
847515371 75 4533
817288942 53 1327
34563046 51 2308
140109179 48 1587
604763794 76 178
478566661 41 346
934573933 33 1425
264776240 14 1556
487075937 7 495
733911539 45 404
638092680 90 10
464218336 55 925
373707319 5 1584
572076027 14 1008
700543460 82 757
193147635 76 3363
651038176 92 213
761419900 74 3119
628797501 6 1635
23291461 70 62
183503286 31 815
548040595 46 1776
511843493 94 186
321440427 10 816
594283913 10 701
746700242 73 439
623128107 39 2255
373118833 8 919
413421887 49 927
118634632 74 211
343951136 64 815
75300842 31 575
604437206 25 1090
332225987 52 178
760129860 37 1404
348143234 30 225
301115471 31 413
382088331 6 231
866891376 47 1846
959651002 66 2833
215973843 11 2241
330678101 75 1211
827115702 97 549
418095247 77 3703
9720479 45 302
724225198 38 681
280690780 37 3912
548846748 62 55
453689916 79 563
340163710 62 2734
906667711 92 37
455286548 1 2263
394927207 68 3187
119122121 28 351
228348983 21 925
959150293 1 1070
125936566 19 515
965194680 30 2033
407235562 54 1543
755180800 62 1242
423643143 94 54
549479428 87 499
690664081 46 537
752151704 66 5
211802092 41 859
575039752 96 1921
694730669 61 3731
302661638 48 1959
619487675 78 431
141324464 19 747
626348006 79 4478
691452757 1 117
195725468 18 98
372218711 51 2381
352955325 38 137
488826686 14 1352
325198860 15 2237
651649629 99 69
642146637 52 157
435574664 20 234
471953578 87 879
676279203 67 445
362042447 96 954
744271185 99 222
404906727 20 435
477869347 59 728
725574068 47 1907
98305919 89 224
428514033 46 395
608664363 101 754
268224462 4 4607
344351459 39 324
47245863 89 3188
107227240 1 1397
161131861 9 1240
372409121 74 2365
128010936 95 2388
573346126 79 1591
608856475 52 2011
160319241 54 1736
543561401 71 917
400549948 41 4210
268845305 79 3405
893003557 19 3731
653296182 45 1147
885947645 6 90
801746896 86 573
507434209 93 381
282685320 94 785
454433743 2 36
605904827 79 2804
38701297 34 1201
761455167 53 3131
583978595 32 377
820115729 77 101
993201887 26 771
522560401 4 1252
153990765 47 749
523301150 16 529
91354847 43 91
101011191 74 556
834679897 24 1662
550245367 84 2029
210585854 88 653
635722169 76 1166
816818474 87 3645
241060463 41 4
7119559 86 1416
109711316 93 1611
898907979 89 886
56679301 62 323
20238938 81 7
428779659 73 2102
399848174 92 1832
80367939 49 44
549089214 36 3301
939575121 43 852
648302207 94 810
608280880 36 138
870924021 8 1218
201998299 29 922
533028941 54 815
252225984 15 472
520156105 34 500
615879263 60 2709
903066973 28 4113
936257970 61 3103
525105488 71 1392
180469325 50 943
650523092 60 1804
373758196 48 4497
55325848 34 852
576524800 7 873
151011031 81 140
689469242 22 424
484972957 95 652
168730966 98 116
591538761 28 2488
628853362 89 3596
376935795 62 1078
186999913 44 494
668403278 80 943
765956777 22 937
602000527 53 1046
865170816 23 213
799628459 99 37
875664451 51 3186
177205658 37 1252
405282758 35 12
435340208 90 3037
655850900 27 1789
939054977 19 727
301657917 75 3843
402796765 91 103
481527157 49 212
732121228 17 4285
305238585 7 9
611443362 16 696
841832065 45 1454
550041288 9 490
985102492 85 2737
648921600 28 846
172909126 94 1145
202405827 64 2590
392124563 10 1081
574541053 51 1059
784818343 34 187
342966740 56 1922
803892993 62 166
95321109 47 268
240120562 56 1255
762288516 35 3695
594003781 44 1183
247522041 96 886
236354870 33 247
988881155 16 309
299999194 96 351
187186764 80 234
143583910 84 147
183100686 85 951
614105004 75 980
54284625 22 54
855723678 96 111
377247101 51 481
278927387 50 2073
576654000 82 923
517843559 43 99
53043077 65 3
198125473 45 2946
549392330 81 989
663592566 81 818
808853529 69 1938
952322126 74 530
678139165 8 765
31137688 16 236
975941077 30 674
971195252 33 2376
252240113 74 2834
423338310 78 117
564252813 68 8
672729349 77 2700
346938323 94 278
24827122 6 1034
561869539 36 1458
868713265 38 1024
453596699 76 49
442100397 1 86
707824960 66 106
473232730 20 1172
460678617 51 100
978289488 10 1668
836561209 99 1051
795455621 3 298
270783510 67 1187
359623136 27 634
248769720 35 39
597834107 77 546
266884177 83 954
323306392 34 374
357430956 69 3103
562747115 83 1290
910886678 30 904
98791070 56 89
620814070 83 2143
121762033 38 4
103096116 92 86
154427866 96 1297
586590647 97 655
601206119 35 2930
881416246 68 358
185796596 46 1385
698137065 77 2214
718921800 38 1026
115109060 25 1047
627822276 63 2992
459246225 37 1244
553254186 34 2599
649262119 68 270
513636080 5 207
173810827 1 2387
277051928 71 263
606537787 100 1481
573077618 65 750
231153932 19 3786
966904575 40 542
334638242 50 115
96922542 25 3967
211736826 78 145
158055462 62 906
184886077 43 538
447016916 72 96
902370770 56 2288
361579827 46 475
24638804 47 115
653676838 21 3157
751251419 44 1173
759103964 92 571
287500340 37 669
922228740 51 2407
781508120 33 452
552503552 86 2519
742335912 72 3174
221934875 28 2054
646054145 88 1876
326114600 4 850
830447649 1 633
478226419 18 1404
899911570 56 1291
594690290 82 166
760030167 48 174
174180258 86 173
326570614 7 1439
564018124 85 2485
973636618 101 1451
544980878 17 75
762834293 35 747
257909697 67 618
813851180 28 1675
120224190 41 56
759878509 47 270
256362739 25 1071
187991766 34 2414
861012748 92 2538
849176965 79 563
211725472 25 823
386717062 68 544
923310740 99 272
728555653 23 892
443285728 72 1060
829033751 60 317
620349285 25 337
454871404 84 1293
756798495 62 477
769974914 11 4624
288186939 75 506
283933344 45 684
988773989 18 1597
171257683 35 843
827083211 46 42
440331540 58 2553
974265370 21 1354
763283980 48 3638
101804811 32 1795
426918765 53 2324
835121779 19 3128
725627033 68 278
547677216 101 2641
175640350 73 1373
936588183 82 3285
799795413 46 318
68160083 91 878
983335597 92 1107
628322218 45 306
119635209 93 141
101936912 76 120
483306532 26 162
345008099 35 1241
472995217 89 2452
202090441 84 456
255246768 1 944
563334560 67 2647
319192136 90 58
892592669 54 1807
136009762 49 140
166904162 47 1510
109775000 19 88
860010772 47 1771
739121336 53 690
870197043 69 1530
610701311 69 1536
228609005 27 950
687601692 86 33
506678811 28 201
475093285 81 1141
218379316 49 885
528407259 17 996
394025558 94 1124
520853990 11 624
734804247 80 61
403653398 88 1905
323643193 3 221
700125138 94 1778
870236026 71 3297
15528957 9 1961
240305705 33 4323
65206226 51 9
504478423 76 158
45590518 71 686
845716371 42 226
746652941 58 2040
249488784 14 910
595775004 12 2372
205199144 24 2742
773587360 85 2389
119188827 16 660
880211792 17 903
452965789 42 932
641360461 57 101
669814839 95 298
780219460 17 2177
971474895 39 321
604455469 46 2098
157430675 22 1291
826886723 6 25
912186468 79 1242
747093202 101 1744
439898737 51 177
470682106 83 133
130144954 84 2673
405170249 26 1997
343340201 80 1398
616065177 68 1506
237931379 41 386
407072009 26 1038
169213478 45 126
404879155 6 328
126143631 1 3257
51455156 82 1106
1143453 75 1082
555639896 12 524
105764929 97 516
899857808 63 2162
373951915 65 1518
904856578 38 14
369502542 84 227
57225612 45 4138
370349741 26 410
763293467 47 2214
845318689 57 80
660038526 88 2185
730179649 95 45
261273210 13 1293
272221679 3 1706
922131620 7 428
489824350 39 83
273487801 2 1306
448945717 76 264
209215791 87 1745
679332903 4 1065
557909786 36 1314
862812499 45 513
655242358 56 748
372683730 28 1585
341027573 77 2345
819772811 86 1116
656723355 100 1636
336949976 17 2346
710397692 10 219
901937615 35 834
565270206 45 2221
770183737 26 465
611508349 90 656
422257578 66 3128
581580369 22 2342
354984686 68 775
886335478 12 3363
736704980 18 92
340833992 70 3235
269811773 21 730
115265057 79 139
555183283 36 2440
360695199 34 1204
941364036 87 3622
227182802 12 2852
7319255 84 11
819968446 69 379
534255961 98 123
553122973 38 1583
135113987 53 2296
800147545 98 279
781375760 71 737
55391530 17 242
825335649 75 2056
162185418 88 1795
617209679 22 3181
496903787 63 2287
881550318 31 804
491117605 65 600
39619017 25 423
171905161 74 3343
346068962 50 37
562608550 51 434
324272758 28 615
328055116 69 2655
315569278 13 528
587539842 39 391
639724701 59 2126
751810798 18 2035
343213522 59 1321
230435745 14 332
446979389 82 53
901960369 32 660
711869900 26 655
186393998 13 791
369810061 62 115
266847464 62 1101
783106974 44 3529
346277351 2 2968
509865024 69 278
919009717 25 590
665650350 2 2736
715116423 26 691
946685440 97 794
859387785 29 3364
266032990 42 893
19741812 31 2037
163820722 32 363
285418740 98 3148
915526489 45 2086
668685802 8 55
548739896 42 11
412661698 95 1648
494615458 101 3502
290342691 40 2240
32707255 76 1306
924676245 56 1892
312421269 5 2988
159774404 70 3387
534564690 82 585
821494155 63 1652
199361890 4 2767
996259630 5 7
378849588 79 3838
836909996 84 4211
964004718 55 3614
305041036 72 980
623669962 7 3239
135096209 37 806
170476193 76 2521
23966980 49 1141
789286254 89 1149
749947867 75 3030
842245471 91 1356
665799315 11 2151
665848072 70 827
367421110 29 371
90729996 36 422
650963808 47 437
653975815 34 581
816819760 61 159
706202726 61 374
450320388 87 2280
732234005 8 837
975501977 5 254
668627832 29 506
710017278 77 416
599544779 45 650
428584355 60 1050
662986540 85 237
418674357 86 215
591934119 7 492
825887672 53 589
216764475 74 901
764949002 40 2872
527216496 82 723
413018143 2 2837
595937014 99 1260
330037405 76 698
953824149 58 2327
905100742 64 354
923200461 12 620
735649665 18 129
122582694 83 319
560766809 86 1571
596443902 97 1101
398392547 100 3005
18237196 29 3151
662830746 92 138
478117964 89 86
819844771 82 2482
972690315 98 1855
351190617 26 1435
581926737 10 3108
403452462 3 810
857935342 8 1196
384698650 15 2058
292449612 5 1225
588313353 72 328
11302029 82 1687
623829441 11 1331
168923085 31 301
855404021 59 475
496120411 10 507
731803611 14 780
112627588 74 1938
757462038 75 1702
745556451 21 593
153413555 56 449
104212415 48 4
742846395 96 2497
950116524 90 397
249492425 14 2593
87992450 19 416
792625881 95 348
925757166 13 1198
594504415 76 2
409153779 57 1455
221834787 94 309
581831522 8 674
334817915 37 4464
657355535 73 42
298180571 67 1897
156132394 25 73
81018083 46 241
521490256 80 1197
636062632 47 508
206499615 42 3780
622402262 1 80
493359136 88 261
767748825 82 353
498164070 15 667
783472276 46 1230
515929654 87 1530
24943335 41 1406
262565613 5 2110
224747004 99 1066
460941872 66 305
949936268 92 1868
802399110 17 4662
716686627 14 1551
984434988 10 1100
326531284 95 3377
809701950 65 188
773322366 66 225
101703427 53 818
884829288 39 1989
578372478 49 1488
457901258 19 1533
496110718 31 2101
904321037 70 94
564570846 68 1643
786837440 3 875
579140321 9 389
991647154 25 1459
124475801 97 526
769748806 79 3700
92027354 54 1013
972168336 33 1039
12701271 44 1475
981588120 17 3052
851977382 86 3814
224770680 76 403
458495895 27 5057
120686710 4 662
309888198 31 2979
438789784 10 1135
214960192 75 2971
874170972 46 1019
683792869 4 522
200896757 70 143
40884400 82 1810
781609484 73 673
995072956 68 2561
90062767 87 3349
843542850 9 178
537885591 74 534
64335247 62 1276
551488123 55 2748
538288597 41 408
68760183 76 2712
649774169 3 123
438755711 43 1893
178271839 76 511
596947735 51 2088
953011606 61 3196
401187259 78 1923
35438716 27 2334
347429851 6 1718
265262553 2 369
239690168 56 1075
61592068 16 653
724838882 96 2033
108832478 41 1005
698823793 25 105
50787363 50 847
144163775 9 1233
860528191 46 594
199082628 7 156
706483458 3 2335
830276401 63 615
178825258 20 811
175136146 57 557
208018160 60 4110
208929347 10 421
88237974 19 417
549144759 99 1278
368823418 23 2921
875993222 75 263
504307427 53 1842
688804346 13 804
232999783 71 317
628272330 83 65
878849530 95 125
237834678 40 582
357320110 82 1491
868830842 37 232
848159601 42 270
773461033 71 634
39022876 92 3993
838025166 97 664
476732664 86 1003
684064613 57 27
868193749 86 286
149929530 75 2848
874834547 97 4807
291356021 86 34
452854980 19 1272
210344224 67 261
721589455 95 3172
877367658 24 198
492578243 84 1851
910861094 39 157
556797744 20 1977
958753023 1 790
732427629 84 1345
782061598 58 211
942723945 38 2782
268232232 39 558
427692421 68 380
520555490 10 3517
738339601 82 1928
33178024 55 2492
882144573 68 400
66651589 68 2035
533363098 10 513
901555768 14 316
959485460 101 270
362618229 21 232
95614201 75 1350
608810161 56 3482
885833050 21 63
771663371 49 1823
855653134 82 2952
367314415 46 2814
4886455 51 2030
372079201 88 744
548730589 36 169
595622468 65 577
239924771 70 2917
177291649 48 335
934206817 74 991
16757384 4 89
350757795 30 291
475551582 2 2819
157588254 64 370
187738319 11 1574
566523450 3 1615
47140298 80 1434
322322763 79 441
411985592 88 1141
877814566 17 1711
90990413 56 1459
320271990 96 1593
920548862 28 964
784422723 24 383
404610858 34 5070
612637722 101 97
922038320 77 3297
398037181 74 237
454395051 96 566
286627557 81 397
446478937 77 190
921489403 4 1115
486207084 40 4
828702935 95 125
240643531 101 321
926775491 92 3323
587261220 53 1846
363165838 24 156
623470541 71 221
816747859 81 109
819161988 91 32
641386647 13 407
729277185 85 178
708526853 25 2395
130026909 7 1398
192685113 15 2290
182689969 55 2573
698536803 97 3870
696167731 24 2933
455849238 52 3209
973052031 6 623
318753242 77 2912
700922680 50 2302
70837434 32 3108
225304287 34 1059
994825382 71 26
169518916 86 708
237999079 22 2911
700817954 31 2112
912787033 43 1647
26293316 48 20
175537356 87 750
940724362 76 362
132374009 54 1089
464878006 13 3323
622566125 39 48
481216993 49 867
691691741 35 736
869851739 74 146
722611605 35 633
4998476 26 96
427777968 5 5094
364956754 27 205
9439490 101 376
390970542 24 1302
284695101 24 646
374873819 80 3113
61325463 32 880
278094701 65 2531
907013553 37 2796
47071229 81 4024
387022449 3 178
207573455 29 52
977579109 32 540
366931149 37 2836
997298277 68 262
652496096 91 587
989396850 52 394
125392813 16 1463
842154611 9 2214
466390551 13 1686
269843641 98 391
552501692 61 228
220451330 43 3355
293868745 54 213
218797486 6 2843
804895795 2 1593
266567475 84 68
641818336 99 1648
660583194 73 608
926709001 97 3317
407798991 63 229
907232586 28 1199
767853517 24 1910
125474885 53 1597
135414761 74 102
667450371 93 1309
99361454 18 2942
558510241 74 4277
623030679 39 593
255741033 1 242
271583599 53 1988
53505315 70 1818
51159198 81 3695
402294541 30 341
440876282 46 162
378402403 52 499
768477965 58 3106
952179546 18 1658
8788432 42 37
744498014 94 1413
818633997 53 63
142141283 20 2376
923973694 26 2079
860750630 24 1735
947386335 47 1706
294554114 80 2024
533483328 48 166
223916255 92 2264
223895824 32 1154
752853786 81 3744
601090239 71 2366
730935983 9 1528
577285972 10 1384
994715869 53 4906
18160671 41 967
430235242 39 4154
226733835 49 2447
605953440 64 2094
710150416 7 208
589530773 53 1061
676834052 100 56
925220953 41 2617
152517591 72 2075
478640461 86 881
516618088 91 1308
300539152 24 804
118274874 6 1289
68619079 48 3840
379314644 45 1244
884254090 43 1898
443762584 49 1156
686351082 55 144
418091789 65 3530
969603151 96 351
62131996 53 753
170985633 89 137
512606751 18 663
389305332 23 1325
675131510 51 4036
319724748 87 86
580054742 45 1677
351691831 1 1125
161511803 20 1708
519426245 79 677
444461802 10 289
608378690 93 3046
584154107 12 3742
251243525 22 472
88039425 24 1006
324504669 85 3904
841394448 3 614
466924195 53 10
911341846 20 400
921986156 30 2834
298310131 37 726
864368860 96 3856
788409536 10 3050
198466602 29 1244
516320972 37 1053
508481654 3 1449
778320928 7 393
536369126 91 2722
515403852 67 94
280429036 35 641
523385939 73 73
132655509 35 2159
341780121 79 3016
567261263 19 816
329079499 35 242
636559963 38 1840
73949034 85 670
888955831 100 228
538034682 81 2029
963511385 94 518
935336873 50 2433
643800633 34 66
256811390 98 2688
832979624 9 100
449570604 38 482
28070248 38 287
149113490 17 2821
155537444 67 255
883244683 72 704
919644249 6 2075
475173155 83 616
914605018 21 3253
247383506 66 3216
609529229 31 503
526734676 43 2364
493040832 57 70
348554366 100 525
300470800 9 3210
524402158 3 491
408404941 7 2193
815628282 77 958
976642723 5 1466
141073056 21 1194
275870502 23 2106
565258357 82 1399
479102286 6 392
747512415 21 2172
149520391 55 50
909174807 53 363
710589521 5 2014
426588873 62 2295
996292713 15 2783
239954686 92 690
933291444 52 800
846132136 89 204
189381445 19 1569
254241943 32 4130
128825070 68 578
435036246 76 537
113598901 60 917
912596073 18 152
863140381 23 2497
205480150 91 1443
78393380 6 637
464522723 19 479
419809765 47 1676
855544403 77 718
508772810 22 919
61437980 63 148
995171626 53 684
558994872 74 2703
209117542 83 3136
691729321 35 1022
61845500 90 1687
555960927 47 309
583004608 27 282
491913973 3 255
776464762 75 3371
512308204 70 2351
559764201 63 1411
151310287 43 1445
689931332 43 3268
755444335 70 185
253301100 77 4132
347549056 20 1890
680533914 36 858
433185038 94 1027
579293910 90 425
956364101 39 1580
499059658 97 107
744877662 90 2387
719953404 3 1774
606929255 3 1551
400536698 88 398
672972249 74 737
608261249 8 577
402920010 16 1898
245315891 39 50
934488825 73 908
746793519 2 4151
379761810 42 119
578038537 61 7
281231593 5 1046
969122781 17 127
14698247 68 26
2342297 47 2897
181680698 57 822
252437765 97 1312
943748650 92 1264
715020604 69 340
726504942 56 2101
702139496 45 1307
936100751 100 22
825513100 50 3175
675452160 50 291
976952046 26 529
790225840 62 1170
620982706 29 559
299950438 90 2489
240188926 61 1703
809680414 31 3616
196116652 8 284
645964958 96 467
265583906 59 1241
154686317 14 444
841626378 57 2267
160313919 31 1264
117945143 88 867
339939641 46 307
446516416 1 460
733440381 85 2150
173000560 47 31
618064921 71 4575
653730574 45 2894
753637101 91 1749
402599866 82 281
353551984 40 1794
624710848 60 3467
660589210 68 1508
163843393 88 363
431933816 96 882
252027882 40 1864
322815552 42 76
138452066 14 796
411780126 41 829
208395089 22 572
462364807 35 811
223143047 77 3874
511945998 98 104
366838377 92 2
713600166 94 769
341607546 66 1319
127675084 44 629
266240343 100 3722
15121576 48 245
527714444 77 738
836522517 41 3630
923486282 43 110
159022524 55 244
722356439 61 504
919888855 29 3329
66405750 22 3412
413614329 37 2509
634453231 41 1348
690711134 61 1147
191576507 90 1896
69340789 68 498
632005100 61 3337
968745491 6 231
978984854 53 2784
790545190 32 1662
211780652 4 2583
231138926 10 2825
351495942 55 13
41905091 68 649
695401433 80 23
179536727 59 1777
989893460 7 3379
998544629 72 1891
318829429 17 1787
703198654 85 268
470205414 41 2502
905476249 38 713
198158622 82 1130
307497162 75 1382
19902514 25 8
530386586 91 2954
874100755 6 600
34474421 41 1157
183570972 90 3602
346954787 4 385
536998255 52 1445
615425341 65 4386
744036718 101 1144
42065526 6 886
281044782 25 2990
401355927 56 1211
943589081 99 135
904872123 3 159
321097302 101 946
622780096 52 2431
227156536 36 3648
201682644 11 1392
199388340 33 1746
883367337 50 2359
320802982 15 1657
824300946 80 1085
886650842 20 1384
614686929 20 8
135686386 43 426
444718751 43 915
519071798 68 65
486997394 41 496
403410727 16 893
555957184 54 763
162138007 25 327
148783501 6 674
621676210 62 684
537874427 35 996
198731006 94 4275
851633153 20 3167
221186429 34 550
955221243 79 1978
180157735 3 246
162572124 49 192
181062743 84 4
939250082 1 1816
103410812 55 226
932532370 64 3572
914045082 39 523
912993262 74 1445
217731076 75 330
966000441 89 616
428242814 47 626
690129035 73 840
661994705 4 1956
99295052 23 2599
12226882 72 981
425614344 4 1401
721091126 99 781
305084482 57 2320
710452222 13 3229
316767677 33 361
493009146 46 844
355987692 65 1116
551032414 64 2614
265792251 51 939
992261123 47 2223
643908891 30 348
797097100 2 1258
139971413 27 63
124205908 3 460
870134159 82 367
507893397 88 370
278981269 84 389
788620799 19 955
592473491 95 1785
85286183 27 1532
224389949 24 423
602737411 94 1853
587513350 31 301
108555797 90 4675
85335006 85 2489
955398676 63 707
599757991 10 2779
944334285 3 1054
107671689 83 1188
508753051 101 3532
852329701 3 1339
302872308 1 1476
207207387 29 113
43134021 1 879
906038177 74 1408
257607316 94 80
567140342 56 48
540187579 37 1149
112384413 94 969
842467046 5 147
985251829 20 1004
855590348 77 2153
803736996 40 1760
370458739 39 537
945617642 19 2829
9193525 13 1123
208757005 72 951
118966249 67 1219
239755281 20 598
216473609 97 3621
803513213 25 325
64430635 61 1474
336535631 94 2079
116834565 92 2434
615271087 27 419
352208409 95 34
314280365 85 210
581613028 42 3250
290080651 15 1930
610408906 65 346
332824426 34 801
314033796 83 1632
126856633 90 2483
343427714 56 1945
422585578 3 2195
473428762 83 1105
122987157 34 1021
832675971 51 480
911218361 85 4642
894751509 93 2016
58096097 67 655
596639113 2 107
206881806 53 1826
12197691 38 1821
126870247 101 2253
177435288 14 2966
378709960 16 10
620837416 21 843
331425895 44 551
95644457 22 174
50031329 28 2181
850237996 8 689
730793205 73 1450
528157895 5 359
118132037 69 310
761821128 44 1481
313106996 15 2349
102313371 89 1168
195742131 56 2739
544646536 37 216
328232156 84 1574
175637137 78 21
641990465 27 230
487212289 46 3466
219369897 11 407
764944423 62 4742
222724849 61 159
871953378 46 1640
672491864 51 429
251735368 14 1672
224855371 63 70
539472341 28 3256
387163752 43 375
28488528 1 127
848517020 8 93
226612459 97 2172
250232556 12 3565
116215987 74 1041
139089357 40 1603
243779791 54 783
626510630 76 1602
73256394 99 3
581989017 15 407
727147057 28 463
899238100 91 74
429948940 11 4550
38975712 28 341
614386936 16 1588
202150936 36 2161
903612689 76 666
217116043 19 2109
942302648 73 815
927790292 35 1127
520667883 98 287
763677647 89 527
203391926 48 3419
148658166 35 1129
499114050 19 1367
859516733 77 657
63723800 42 2659
126572949 95 1224
856068787 56 872
272482651 98 28
198720708 72 3070
176197723 90 1465
190729476 43 1807
143895405 30 258
999266660 101 3580
135607392 101 3216
383622502 35 1649
644249446 61 637
750224874 61 1332
170237477 76 3
418279674 2 1601
959322055 96 3603
453088739 4 954
677379888 25 358
730785105 56 2124
206423080 51 1306
494233770 75 1463
966530037 26 275
819069996 17 3988
866567370 81 2168
410630095 45 240
546781507 18 894
798432554 86 3871
144158195 56 2447
791533067 56 2522
430149802 29 3062
230186520 27 500
316854344 85 165
200030926 9 296
178123052 29 947
480838061 76 87
985002617 3 62
889410380 19 1317
272888745 58 393
712146946 51 1326
316518710 31 4039
844583942 76 1659
345825953 6 1457
70810511 15 618
171376628 70 1136
291525486 12 1661
72909913 1 1549
360503129 64 3497
335266529 79 1714
731264468 70 1467
113472652 25 145
73045917 61 1171
344754959 99 36
523227968 35 3464
214208150 72 222
306331966 10 2133
904055037 29 2548
956532989 48 1121
458426462 73 138
377112024 83 1994
538600011 3 2230
749513357 5 5
956768371 50 1719
408666514 11 1808
333291390 72 3203
557729042 86 1971
71504058 8 141
794224974 33 75
974594809 68 2029
964283871 84 405
150222622 10 2870
294897163 28 1072
174098103 70 928
87634299 64 111
305574491 77 2474
956888666 53 1073
769120319 9 2147
94620575 9 136
889051091 53 1428
84374171 91 1448
54728629 10 3448
473779772 51 90
595716855 99 52
766220897 84 302
114180826 83 2784
453178664 46 1923
443999973 47 4366
661258229 26 1292
135322311 75 1886
627044266 1 2443
809899799 33 73
255706956 59 408
347178814 32 2341
429477092 8 2674
709015049 32 1966
737420607 73 3082
977654093 87 2432
798678203 14 3033
878520437 67 1044
9224984 10 1106
786042431 21 982
880926504 4 238
512312125 64 2458
941749636 94 1954
171085955 71 99
172520835 91 428
992629131 85 803
108083193 30 1898
575971220 41 41
344169555 21 122
32922269 85 757
62703417 42 1787
792967929 53 1023
688023606 90 339
813825822 39 1414
540738255 77 532
298290813 32 782
413195112 50 2701
621175458 61 2084
564793214 30 328
786584301 84 798
470545375 46 416
727041803 97 116
320312234 96 3395
610292460 21 2102
36453944 63 3023
356324992 57 9
409303220 98 793
789057598 25 2561
360071631 80 830
672721755 98 681
714484063 42 790
163640489 97 1595
508996774 87 1155
790380993 10 654
56270987 49 591
551617007 64 1352
112236491 41 198
336882153 11 1796
750531054 84 812
738049968 66 2262
147178 13 4516
550138677 61 3833
966613260 71 1747
467592531 83 1638
941750847 58 258
158716351 52 557
325033530 37 805
673068829 43 1175
92209952 58 983
282816535 16 3056
357447250 91 1313
782363145 99 165
273551790 55 536
72248920 2 521
596855836 28 3190
177826214 47 1556
666402800 61 39
788635674 32 1024
681622625 61 968
30335198 12 264
41396206 66 4279
798233503 45 970
384021763 50 1160
367646493 96 1827
194788987 93 561
56354720 82 1001
885142102 95 2864
650756215 11 2497
176950215 100 927
362083011 26 2108
231061523 75 1837
629426531 34 211
159686091 79 4
873840531 8 3255
459563844 84 20
161760782 17 2500
817793416 71 235
565761543 85 215
775277957 60 2586
198348527 5 1576
603437215 32 421
867897628 15 1016
744622585 96 2692
550740930 56 318
522766962 40 1007
190587158 6 524
581276595 60 1832
8901659 93 543
234386032 23 2585
992473828 45 2
311335002 63 217
818546028 16 1534
770636800 38 1447
515110014 20 1598
268291833 73 1882
408012124 31 9
201525542 64 1702
272678795 62 2905
585280963 24 963
669220109 93 1023
283492608 45 42
5048628 51 537
255855994 64 679
868781612 7 1742
512310715 47 890
959789394 95 590
328867941 29 218
944962210 22 3387
501504079 22 307
526330457 93 146
559734190 14 656
493118030 4 919
516676729 3 2220
433762369 33 852
817537221 51 3007
751350730 28 86
640902598 4 888
664191148 39 1226
688904862 16 276
682117849 89 72
283883893 77 1107
633630799 13 3582
165117880 74 528
476852622 23 1708
104391927 57 2874
183321502 74 792
103609853 74 1075
572288088 100 530
702548605 25 2119
716901795 24 2205
728267623 40 773
199954390 42 351
138280048 40 4567
360973286 28 3532
119401518 32 1111
4996260 43 684
374659635 12 67
688617082 34 105
761704816 20 185
528148194 95 1404
814243108 17 149
174400384 90 46
244129981 25 846
515522660 15 642
432968981 44 249
659165891 72 2088
678820719 99 2284
607921637 99 4203
229987950 97 1819
311067272 78 14
551367846 61 945
691627941 27 304
900193906 37 985
65723512 88 3772
990944992 12 2163
693187322 95 528
856415299 85 1290
696156902 26 2445
612061103 3 123
80780020 81 3595
216106496 62 2059
137740583 47 4406
597250774 56 334
395729267 59 350
73166073 47 159
130784367 85 406
782726981 18 2813
827674208 1 354
973687829 24 964
426612840 1 707
7856239 61 749
916073712 25 916
293181753 72 2092
460843205 48 3351
711225152 53 370
116635196 101 393
450653316 76 1548
710281302 63 1470
148263692 27 959
473769750 33 1928
469533958 94 973
829172292 17 792
258856614 55 32
22601157 76 2041
584175367 38 30
488745128 50 67
351673162 1 31
187438715 75 314
546709455 4 2942
69950337 21 1033
241186846 5 316
345381711 75 520
818212087 28 1633
97337482 32 1473
991456722 3 1082
740658048 73 1709
61097846 95 811
192306299 90 2714
393093039 11 391
824557560 24 1699
58561232 39 236
794098861 60 560
401345517 48 181
220939447 80 1255
63485666 73 428
999350738 23 2673
472660786 51 1074
360715976 2 2713
746942065 81 1185
682753871 90 2248
831791209 61 284
650363315 15 3211
180201646 46 975
702546243 60 1480
626651608 36 117
106900884 20 291
823974555 84 1547
191377108 74 1515
861431129 54 4165
771189837 63 286
178573793 56 2936
146007637 37 2182
596666086 92 157
813208998 91 33
346733046 67 4442
673240289 90 1762
537422541 16 59
339957151 101 495
17157021 65 7
358275918 32 1793
186722421 86 465
123613000 6 352
223919717 16 363
948200293 32 1536
897122732 50 131
646611733 33 957
263127777 67 1059
606914645 50 699
662325916 81 419
120644726 79 2157
319802830 59 1492
37425686 8 5
660826500 93 206
674342042 76 4210
173448485 25 1811
308597536 92 1004
159247712 67 1123
371280615 58 751
194947882 96 2055
469244268 44 3456
620511909 5 45
489123642 28 2984
302073641 57 1670
703098024 60 817
358604481 94 108
707270667 42 717
881547292 71 3113
594174500 9 1418
154418704 46 161
427534081 79 537
640030533 38 93
691970364 97 130
927479097 73 805
148465958 77 135
71965753 28 1645
180093168 53 4304
829572842 56 1845
330101165 68 247
581913226 59 450
639310076 90 791
984583575 99 475
253936669 31 2988
712229955 92 4162
752950749 86 547
471191050 35 275
143471804 38 2204
836817637 11 617
207825051 46 844
621707802 57 3258
820587317 35 994
207444651 44 1091
455013330 52 67
591236244 60 1507
197926879 31 121
304259664 18 353
496267398 67 556
247831129 85 648
366300864 72 2227
769175874 86 2833
431059233 67 3797
340494368 75 697
395451034 55 1112
735787577 10 37
83746288 24 254
685882149 7 1728
735889029 10 392
973369086 37 2524
619560968 78 1982
708532011 54 1360
36130646 61 2934
329315043 86 1302
475911513 68 148
973897429 9 614
46913891 76 4200
313065528 50 3449
591713738 93 616
788996972 66 850
600541178 14 3338
711985950 63 1424
672046326 58 855
75503291 85 1850
384370205 31 418
883245011 75 2259
159582520 38 281
631608222 90 979
485014632 97 1493
830432696 97 1720
943934473 4 1066
722914034 63 1171
97748392 27 1316
632465883 51 3549
784379864 89 3411
493812016 68 868
274466580 61 3223
2288681 86 896
347744024 54 1436
93666720 11 219
88264909 18 1427
602367305 90 1436
301723193 22 1311
981377843 70 35
260074245 89 563
543853523 42 2877
715842666 38 1135
748795755 45 2246
165310065 46 763
29928572 38 32
930805265 88 711
979436558 58 742
166525486 14 460
557607816 49 1386
709743079 84 4223
495353335 10 2506
671786721 66 2679
763373144 40 751
467449465 91 626
755288685 86 436
180712333 76 425
824974028 46 2639
707039182 79 402
778383153 25 694
919380889 4 389
844420494 61 503
482474383 19 145
826757782 60 2757
851892964 51 75
949574555 86 629
664408682 60 2061
443102689 85 1366
185174836 57 607
429153389 59 1480
550982034 76 1517
512097433 11 3128
132283489 7 530
771516940 31 658
308107298 4 2480
880643881 77 1998
568746736 6 598
843480713 60 185
46269238 50 3397
177141452 31 1366
699889010 38 758
949159201 19 1444
220214748 11 343
285334784 70 54
347498860 12 1082
176762685 5 311
206921955 36 416
111619414 1 4653
880613506 38 127
931266629 46 144
605335751 27 1316
934682846 64 1843
572781449 28 173
691967275 49 284
854240670 90 1597
651592840 78 1380
624917767 54 2412
714157857 4 317
378047902 20 134
334317150 35 1070
139331920 89 1063
498071971 51 2001
363761083 71 19
714929052 14 1063
847918146 67 27
132537650 82 4816
334986926 4 1322
842985133 60 93
648614087 10 661
166951973 73 1564
308213325 9 237
492698672 67 3292
315071071 28 2066
514788301 43 1233
713091512 49 2527
771268805 83 115
602947761 65 142
845304362 18 240
975758304 16 1878
269577172 98 943
865538019 43 2862
700234640 61 294
757226637 25 1389
682577492 80 1280
264998476 90 1938
247363734 91 262
893363714 33 1792
640569587 2 1963
532281646 64 1104
274615989 70 223
389339330 13 341
437194669 55 63
555867693 27 2085
610674617 39 184
111189941 75 3919
78791098 79 636
786429362 23 158
556950449 51 331
178303235 65 985
414117222 86 233
117966767 91 1652
595707713 26 2864
532483286 88 255
508912691 75 1771
211548808 18 1231
778752013 51 271
678134806 78 34
894661916 61 2892
682081469 85 4020
586981557 23 422
799310990 94 1402
438178477 22 385
732745657 97 105
826989624 81 975
587464184 21 375
214479194 76 1022
477371903 56 834
528344806 51 27
64646820 83 767
761329083 14 2378
772920181 38 3
216689455 37 1488
409312738 78 766
933130937 39 1177
534649669 13 1452
566806724 22 919
567534390 101 2366
422348616 61 1293
754307724 2 1946
771032789 31 58
472789452 15 3059
901795203 84 1914
115979309 16 170
687682760 32 2533
720223185 76 1313
95103488 92 2731
90297665 32 1377
506435675 49 273
67830950 23 667
625681793 13 2254
363879694 52 393
748345101 7 2103
275074005 67 978
874713165 36 728
376829137 78 1078
587586786 99 845
922933055 20 1552
712234553 19 518
69451595 93 2485
164524232 1 538
504622477 3 1655
25206987 88 191
319683293 94 640
338897639 29 1601
671563239 40 1104
35830615 65 10
651799483 82 250
385847360 98 4715
33405747 32 2917
51199417 59 3361
739259581 34 4089
551864808 62 1811
389014247 79 176
161983945 66 1002
80549006 88 2668
540855728 61 539
718583654 87 811
529779876 29 1516
609428963 47 1146
569926080 27 1958
388997892 99 2883
572343774 81 2940
795042228 89 411
774175180 7 2872
515668415 67 1445
213388122 19 1477
352041356 81 2310
685278206 21 1936
965712306 3 199
75291151 95 154
131470601 26 3467
860388933 5 1108
572669619 42 3707
809071938 33 939
801281302 28 1674
722071115 73 179
205786561 65 3292
336901064 63 1220
491525981 21 2612
642259040 2 1713
138894582 7 1690
664219964 52 491
843216439 80 4
662202251 93 303
274761645 76 27
359428545 75 2816
978427387 6 3524
850166535 38 234
533527449 40 2951
760365541 61 3047
641689159 98 2198
456366231 64 695
963912644 17 630
129273236 88 2781
311991004 85 909
299079759 62 33
84479503 92 1498
674879137 70 1173
602588530 35 524
18990478 42 259
475219576 71 1150
798520998 43 49
68333410 53 453
222674636 34 1064
266791766 64 753
303191045 93 805
144181273 48 1393
162634554 35 223
392018599 32 588
745160371 21 320
612217864 84 1615
957978826 36 3832
797658251 35 22
889675752 101 361
634896229 95 2183
212932582 12 602
429838187 72 120
974874842 13 1625
72531150 70 345
576381339 4 3191
584740452 39 1622
507254147 91 358
545248936 24 1618
152189590 8 377
22864542 68 700
199913097 49 1157
141495154 7 634
935038559 31 2741
669648084 38 1458
671300011 86 947
499708388 52 515
399051459 38 982
572859123 42 1371
870563715 75 1467
102422579 6 576
284903589 24 1824
150620738 40 549
723287491 101 1666
416024857 43 1005
721955171 78 201
835634889 77 1266
362041103 29 2232
496035606 38 95
708101734 20 4621
563891328 92 1121
834716969 101 1141
527176949 14 1551
606981278 70 921
652591850 77 1173
484974519 66 548
71922389 19 2427
834269665 94 817
664262612 93 4331
968760102 37 248
952084534 20 2013
771258255 74 1070
912246875 37 505
582549975 93 3220
89041729 60 1157
141598310 73 40
211099366 20 206
540429952 22 102
806950510 52 251
484867399 73 982
148260771 90 832
164982785 17 243
94972524 97 1204
939178988 71 591
185131599 27 58
787746982 9 138
38988792 31 861
162583085 17 3336
755381817 48 375
521762703 43 314
764327530 17 97
855556017 9 852
30748957 39 274
201329957 101 156
922278740 96 2178
482435748 21 189
293941642 15 3326
168071123 56 2789
322896279 26 203
415285184 30 408
108397236 13 2778
645195321 65 3140
825724251 88 173
389191701 6 1302
103525847 53 3668
557677740 10 4878
601805009 90 722
450931170 27 352
346343036 49 1785
24336223 55 967
576011471 82 854
918770589 16 2182
288520912 23 2883
806315377 2 1611
326669660 32 1249
62025806 68 69
489292767 7 727
489879160 4 2020
239488313 99 11
244403168 11 2636
816219590 55 1739
904112036 50 667
487844822 83 482
506883845 66 380
861255584 23 1735
960974075 25 1319
151615407 91 100
167435954 18 1900
997513378 59 1296
699316000 22 1301
411614903 94 1104
945576830 90 2749
707842426 100 70
965581553 74 111
363001906 14 263
677778377 15 435
794716427 89 3822
222362693 26 1039
844062310 10 2741
932809469 75 708
100954944 59 1950
379963169 65 298
178026797 56 1225
336730943 96 3116
273637968 4 2885
107762150 90 4325
37665868 36 377
806885232 17 1555
345285244 60 3680
288479966 6 1132
905592175 93 464
439986743 16 366
492393438 9 569
962676397 51 1379
185400253 19 2451
694147897 67 2205
378916263 22 90
977315158 74 1961
245474781 54 976
721707559 90 1848
564155135 83 1507
145667047 93 4039
511470043 31 906
397827559 46 734
802733435 90 828
47967306 90 3671
565437787 30 1590
823548271 29 275
8404127 42 3274
293445731 27 1159
981432132 53 1037
836399030 78 1660
689734216 14 435
134402631 50 129
446219831 73 1284
466265011 82 2521
363278605 5 1315
3066696 13 2046
819352326 89 2498
559603340 98 2339
379085725 25 3706
647218429 68 209
561676388 62 971
916049865 82 1771
683210504 48 419
69227067 80 151
948242830 40 125
546690067 62 1016
696306808 97 1332
387270477 80 3227
258016571 2 1858
786975247 7 70
187459108 34 1561
943955714 100 3974
414718877 76 346
514310181 83 603
942501668 14 70
891092761 43 869
195848169 58 506
427929187 75 831
983104556 85 3824
822746581 48 984
152324885 26 6
375619507 51 136
341031233 58 88
434109130 30 566
720063249 74 2118
240374304 34 739
246211059 45 2514
936214998 89 1131
126173855 64 571
347471502 21 242
150437594 26 171
468885095 27 1329
104471575 52 542
898844297 3 1573
760886982 98 30
110149314 84 688
249250939 93 697
632081218 54 2655
489107965 9 1125
315165481 35 1135
132566271 68 326
757429304 94 4770
253034589 64 2469
425385529 52 705
245260529 79 1008
388080252 6 4443
368062297 64 2003
489547868 41 2370
638512006 96 3038
249189416 28 1696
826914974 97 1866
19535842 4 448
563786773 46 240
171128446 87 22
198247294 24 66
359612986 8 888
559183923 44 320
274994475 95 1982
436189479 52 1269
226390014 25 4842
489878800 77 292
104111167 84 561
136967238 98 119
846044384 10 4050
450630001 38 590
109065023 77 1519
820735983 101 21
333843910 88 57
237482717 22 268
899533606 61 3118
293721812 50 24
428740775 1 1868
440159534 8 3007
296911440 89 758
918651515 87 2682
337694672 99 53
814051571 15 3037
973083435 85 2530
264658929 68 896
1412474 25 1870
417988360 31 1510
128851594 74 339
435563551 85 1329
316067944 69 520
174159699 91 2205
457247049 82 2664
120257430 56 1563
513687956 100 1536
215498467 91 4291
105915440 54 1718
274931027 100 2366
72967464 31 294
510556211 96 891
918258611 80 1209
988866601 22 3369
469681882 6 15
280897886 97 3205
266132625 75 1131
443748386 46 2196
193940737 76 69
264836215 93 680
800676793 80 2458
20675086 99 55
321249209 58 2075
561547409 97 546
47887138 96 88
182157604 89 496
492584241 97 135
296544345 31 240
951050756 26 4366
49278428 10 376
85954001 18 1096
173300864 85 1065
223841517 70 1796
841365005 82 476
271658219 3 133
241058102 15 301
853552515 87 1884
828441995 61 1001
367050853 65 279
691707978 30 154
549465396 99 4306
262480256 34 300
285689422 64 401
857619248 61 205
613301070 99 2269
744905236 82 1291
428188824 100 41
642138558 63 122
108403258 31 3901
654539492 66 435
247156980 46 1
607784855 76 425
593498660 56 30
963732524 85 3551
932740717 97 2259
538660191 95 2037
929216554 35 611
128833966 37 17
518533771 46 3253
138418213 13 58
932258644 64 847
475994721 57 1270
900311700 50 2138
481166327 26 428
79068288 47 2083
303430935 44 1204
832173361 40 150
194613732 70 374
687842800 52 2330
216118349 89 2124
838707838 95 150
633005309 59 927
125319918 5 1437
695159658 21 1670
677827875 27 8
411692800 86 806
780800902 51 511
228248039 56 3159
737236850 98 638
134095385 73 1058
198021493 71 86
426652365 21 37
551825995 35 1110
739617543 80 479
948590578 1 851
656139820 18 681
680923679 4 1106
97146379 62 2902
154509186 88 130
967878204 91 270
576264898 62 1382
446736956 28 351
630871760 82 702
793741399 9 151
63445614 37 731
100935581 27 1830
262616498 30 238
29758608 100 1740
499065443 88 1050
861972652 41 1299
148928202 15 1491
172511061 72 314
276371166 10 472
5147196 11 1867
272175375 38 1207
233110618 67 882
196885143 30 913
554975244 11 2971
172840814 29 1519
275338436 81 892
371844174 7 1056
125990111 96 2823
165726007 80 411
607236394 87 2523
717937506 88 4297
204223278 60 153
568067110 73 259
328857465 69 1121
949921864 62 18
858199892 22 181
426833015 56 1238
138015119 11 538
255878567 46 3019
115640389 75 2089
688155086 11 1759
812142152 90 3581
187045624 54 1575
791197078 100 1202
804342835 80 3144
114983185 54 534
242138749 72 1434
39167623 23 1660
244558784 23 343
897772010 89 1356
77339053 25 2164
513731771 50 4076
826587582 71 42
338750219 23 3017
90330413 71 19
878266728 57 129
681146900 11 2211
86253421 5 2436
460249337 63 2018
612858663 21 1795
69259359 67 1071
330386084 84 2991
516273602 100 3598
721021594 34 259
560648422 90 87
939623604 84 745
799199788 85 70
87104780 80 662
700390790 48 1052
716713194 61 696
693871728 35 2292
484631283 32 2313
39055176 10 216
851988603 52 409
712053347 4 1443
594205911 95 1912
338525941 45 167
484620978 59 2689
161311266 2 1743
361087387 7 1423
148995868 92 1484
479480903 55 36
137849209 72 420
818106159 33 3695
415321162 4 1699
685205726 95 674
478338692 16 2964
980962281 3 1352
320304582 1 540
254807209 43 299
717365617 97 27
275080629 44 203
105476785 25 3395
676201961 58 654
417302905 19 190
835944177 51 592
323955033 10 1889
685201680 19 4124
515779804 45 687
268466596 6 937
227177999 8 66
133351527 80 897
790632113 26 25
156644635 43 1586
148056739 81 960
246648681 66 46
641201441 40 1617
823874779 81 1120
158335764 35 1482
979885003 60 157
74253671 98 1617
843795455 80 161
804038885 96 1763
399929980 67 2863
886022622 53 130
220455293 10 1344
861897414 50 351
601212454 9 1211
659801705 16 3349
462755997 101 4
235460539 55 849
576753139 77 350
252334501 91 2590
668144360 22 41
505653555 89 1385
120695030 100 1743
731978600 95 3
764079583 30 519
61273812 13 986
438277095 40 1052
453548121 36 1882
206433281 22 1525
95541734 66 2751
67285097 96 1659
675865075 42 1539
441596564 21 135
307030786 72 661
488694208 51 123
611875517 91 394
859258156 4 1064
942598425 58 55
891493519 62 1063
317558631 48 1697
891569838 25 96
332156031 84 553
476868469 88 564
536674527 91 2279
648553708 82 1331
782841932 11 2341
98894840 49 308
454602863 74 3066
654073463 5 2722
937182369 28 118
194041031 28 1391
472760338 11 2899
859124405 94 2946
813799932 36 3126
867062904 25 272
519832154 6 393
79310788 59 121
770775320 77 524
677218139 50 1566
395302346 24 2596
111710838 38 115
596109734 6 2066
857536337 25 2425
296200594 96 1508
397748836 71 2296
964655982 59 2885
980970489 59 569
83828809 71 1890
772979930 20 735
647892932 43 997
930899405 74 511
561466997 101 353
801299835 37 785
841410741 40 526
781370012 44 2725
214718101 47 3029
135047313 93 3021
66461012 25 219
968377930 75 3394
544978116 6 656
730417278 22 2302
88956282 68 1453
562216337 8 4968
802554291 45 2582
618539961 45 1461
803302503 3 2196
313054633 15 14
61843965 57 1143
590861813 68 341
403307274 87 3217
481858945 49 2568
502134103 98 100
981345535 91 792
727147992 66 584
794683394 22 1494
881247162 37 3
534480657 73 2364
322651499 5 2234
903525687 81 2730
468765427 34 1698
626255621 65 61
60497425 55 1061
433233385 98 372
777975737 57 758
469622592 78 649
485488836 47 266
855725619 68 619
547562074 78 1832
188036376 50 1117
568215751 60 1138
527946633 73 849
969603438 31 680
977805092 98 432
631775073 62 1317
321614946 49 1697
805480697 15 38
903837870 39 1710
849734693 90 1224
306799675 37 1955
64251008 21 1555
891034828 3 396
293814696 23 18
292634496 76 1617
539169217 69 1375
471935138 34 1088
732115627 62 2952
251671786 82 960
668230031 1 1369
931053302 3 1285
348890889 76 359
402830305 4 335
125173440 55 529
697489007 35 1216
162173142 52 980
661716164 27 510
363066147 30 687
777111288 23 2531
371116233 24 2744
896297973 31 2239
88546173 54 1977
691196886 80 908
219415050 16 551
301853819 73 213
396233794 43 193
846754663 54 129
550235321 98 481
111207215 52 730
11982494 10 186
55118358 37 788
238469174 28 153
707735104 97 685
297159615 65 1407
986918759 35 572
299347099 46 2229
537699769 35 2109
188929114 40 899
397899722 65 37
465691645 34 944
964684236 99 206
655386063 72 2293
765195575 42 2012
285830166 98 1193
820636167 92 276
269745374 18 1031
209053658 98 1166
180831050 57 965
138184551 34 2978
661785144 81 2323
123236782 38 216
836457755 85 262
691917408 69 1490
437678553 16 1598
434106583 21 1137
294245955 98 613
512538865 44 2409
394065710 35 2881
15717399 71 343
226106480 81 1769
679385128 37 403
961582361 25 581
876474966 82 3409
330120825 100 62
42734782 9 3201
305432826 3 2693
925174921 38 14
902840963 65 790
282912006 80 276
799534154 70 27
398152071 15 747
729977779 70 874
644996487 47 1828
444741619 1 2348
592517415 59 2066
307151527 21 4095
396921245 6 49
410356760 66 1529
116407705 81 2530
595706549 6 4729
929335352 52 876
693373311 72 1925
65031936 28 1608
188103315 76 479
819068186 78 349
252159433 31 1445
471177003 46 3211
81227903 74 1224
526933777 3 1554
311938436 92 879
685559013 64 211
258302477 63 20
833183678 96 4134
342713439 62 4307
130081114 87 2
820006432 35 792
199665295 76 2526
345098574 8 89
663444358 60 802
172336635 74 397
280239328 84 3270
595880072 92 504
377281932 87 1838
351254335 58 533
994022874 93 1299
333522815 51 3095
914322372 23 1480
834822399 77 1184
10248812 67 3735
929941698 46 323
510727232 63 1180
313058629 29 778
112402891 32 326
199548383 65 1200
527288986 42 3221
653852487 30 2857
18255358 70 914
108434619 39 1663
33459890 62 814
880696216 4 1818
730756510 90 2175
72591131 60 461
958751659 19 1053
324129870 34 2682
151986851 60 1328
284999647 38 349
589213852 99 2753
849949285 73 2543
809271613 44 1043
92278715 25 5
953606826 81 722
740688468 12 109
777418894 78 1035
849391587 81 2
365696694 17 4496
