65 1577
17 58
42 2
40 41
21 64
41 42
34 3
52 51
25 34
44 47
45 12
64 25
37 8
56 21
46 13
59 32
38 9
15 25
55 61
7 21
48 22
63 38
40 54
60 32
33 15
2 27
22 5
34 16
45 25
65 3
3 28
17 48
9 44
48 35
44 1
62 55
41 32
54 51
33 28
25 24
53 6
44 37
64 15
56 11
43 41
22 18
59 22
16 60
17 25
36 38
48 12
5 50
58 62
21 31
40 44
41 9
60 22
33 5
25 1
44 14
10 21
54 64
13 32
51 58
3 18
36 15
55 28
26 1
5 27
40 21
5 63
62 45
54 41
12 44
1 34
32 58
16 50
36 28
48 2
58 52
50 48
27 64
19 60
44 4
31 34
2 7
12 57
13 22
32 35
24 31
36 5
17 28
58 29
9 24
29 2
61 34
27 41
6 18
58 65
62 35
39 51
4 30
35 17
37 63
65 45
16 40
17 5
36 18
28 14
26 53
38 64
58 42
42 34
61 47
62 12
8 41
54 8
27 54
20 15
30 59
31 24
54 44
20 51
12 47
13 12
23 56
64 57
24 21
22 60
55 8
47 4
38 41
57 54
9 14
50 15
15 57
7 53
19 63
12 24
31 37
4 20
23 33
43 11
35 7
53 61
45 57
37 53
65 35
3 60
49 27
15 34
18 39
58 32
50 28
61 37
62 2
8 31
27 44
19 40
12 1
23 10
12 37
25 56
57 8
22 50
14 46
49 40
15 47
7 43
63 60
54 11
21 63
60 54
12 14
52 50
44 46
4 10
34 38
53 51
46 12
65 25
38 8
49 17
22 63
15 24
18 29
30 3
7 56
48 57
60 31
33 50
34 15
18 6
3 63
49 30
36 60
7 33
11 3
30 16
21 53
12 4
25 23
56 10
2 39
25 59
65 15
37 33
57 11
3 40
14 49
7 10
26 23
29 34
8 11
48 47
41 8
60 21
6 50
11 16
44 13
10 20
64 27
37 10
10 56
51 57
3 17
22 30
14 26
59 34
55 63
28 46
40 56
41 21
52 30
10 33
22 7
34 18
32 57
24 53
3 30
26 13
18 9
63 17
36 63
28 59
29 24
48 37
60 11
62 57
33 30
20 60
45 4
23 65
56 13
2 42
3 7
13 57
59 24
29 1
40 10
21 33
41 11
25 3
39 50
10 23
51 24
4 65
51 60
36 17
55 30
28 13
28 49
29 14
48 27
61 46
62 47
54 43
39 63
23 55
35 29
14 6
55 7
1 36
13 47
36 30
5 42
6 7
21 23
61 59
54 20
19 62
31 36
10 13
23 32
53 60
24 33
55 20
5 19
58 31
50 27
7 65
27 43
62 37
39 53
12 36
13 1
4 32
24 10
35 19
1 26
65 47
57 43
9 3
28 16
26 55
12 13
30 61
1 3
12 49
4 45
24 23
65 24
22 62
1 39
47 6
38 43
57 56
58 21
42 13
61 26
27 33
19 29
39 7
31 3
42 49
8 56
52 62
64 36
35 9
34 50
46 24
65 37
38 20
3 62
7 32
58 34
30 15
42 26
61 39
8 33
27 46
40 65
19 42
20 7
12 3
34 27
53 40
65 14
37 32
57 10
38 33
49 42
15 49
7 45
27 23
18 54
30 28
63 62
21 65
4 12
64 26
10 55
34 40
45 49
46 14
65 27
22 65
14 61
15 26
7 22
30 5
63 39
42 16
40 55
60 33
23 2
41 56
52 65
37 22
65 4
56 35
2 64
22 42
14 38
36 62
28 58
27 13
18 44
19 9
11 5
63 52
33 29
52 42
45 3
64 16
22 19
34 30
25 61
46 4
57 13
14 51
55 52
7 12
47 48
17 62
63 29
9 58
40 45
41 10
6 52
52 19
53 20
25 38
45 16
37 12
43 55
3 19
14 28
55 29
55 65
6 29
63 42
29 49
21 45
52 32
44 28
64 6
13 46
24 55
15 6
28 25
55 42
7 2
48 3
17 52
29 26
48 39
60 13
52 9
54 55
37 2
24 32
43 45
35 41
14 18
1 48
47 15
13 59
59 26
16 64
9 25
47 51
21 35
54 32
20 39
44 18
51 26
43 22
32 49
17 6
55 32
28 15
5 31
9 38
50 39
29 16
40 25
27 55
60 3
39 29
30 60
10 2
62 49
54 45
20 52
12 48
32 26
43 35
55 9
13 49
36 32
40 2
6 9
58 56
50 52
42 48
62 26
11 60
12 25
39 42
23 34
43 12
35 8
12 61
16 31
35 44
36 9
28 5
38 55
58 33
42 25
61 38
21 2
39 19
54 35
20 42
12 38
13 3
64 48
16 8
35 21
1 28
57 45
49 41
15 48
61 15
58 46
30 27
50 42
42 38
8 45
11 50
31 28
1 5
34 39
13 16
64 61
37 44
26 34
57 58
42 15
61 28
7 57
8 22
27 35
30 40
54 25
41 55
20 32
12 28
53 29
32 6
24 2
1 18
34 52
46 26
65 39
38 22
18 43
50 32
42 28
62 6
8 35
54 2
11 40
4 1
53 42
57 12
22 54
18 20
38 35
49 44
61 18
8 12
18 56
60 58
25 37
53 19
10 57
22 31
45 51
55 64
15 28
7 24
26 37
30 7
6 64
44 27
56 1
41 58
44 63
45 28
37 24
56 37
22 44
15 5
26 14
17 51
19 11
41 35
60 48
45 5
56 14
13 58
46 6
49 11
16 63
55 54
15 18
7 14
59 61
18 23
63 31
48 51
25 4
33 44
25 40
51 61
3 21
35 53
14 30
55 31
1 60
17 41
36 54
28 50
47 63
41 25
33 21
64 8
2 33
22 11
14 7
32 61
36 31
55 44
5 43
6 8
63 21
58 55
28 63
21 24
61 60
10 14
13 25
32 38
3 11
43 47
35 43
1 50
40 14
6 21
50 64
62 38
39 54
32 15
23 46
35 20
13 38
24 47
35 56
28 17
50 41
42 37
62 15
31 63
51 41
43 37
55 11
59 18
5 10
48 8
40 4
18 65
6 11
50 54
42 50
62 28
20 31
32 5
51 18
24 1
1 17
16 33
36 11
47 20
46 61
42 27
21 4
8 34
39 21
30 52
23 13
64 50
16 10
35 23
1 30
65 51
57 47
9 7
15 50
26 59
27 24
62 18
54 14
31 30
23 26
34 41
53 54
13 18
16 23
56 59
14 62
5 13
38 47
61 30
7 59
39 11
30 42
23 3
41 57
33 53
53 31
24 4
45 63
46 28
37 59
38 24
65 41
58 2
7 36
26 49
19 10
29 60
21 56
41 34
20 11
60 47
4 3
25 62
64 53
37 36
14 52
38 37
19 23
39 1
33 43
25 39
37 13
10 59
34 44
26 3
37 49
38 14
3 56
49 23
7 26
26 39
27 4
5 65
63 43
41 24
60 37
33 20
52 33
10 36
22 10
34 21
53 34
25 52
56 39
57 4
35 65
14 42
7 3
18 12
17 53
9 49
28 62
48 40
21 59
25 29
10 49
2 45
38 4
36 43
47 52
59 63
48 53
52 23
2 22
25 42
37 16
24 46
3 23
55 33
47 29
26 6
18 2
17 43
9 39
28 52
47 65
21 13
60 4
62 50
54 46
33 23
53 1
10 39
51 40
56 6
43 36
55 10
32 63
24 59
17 20
47 42
48 7
40 3
5 45
6 10
63 23
50 53
61 62
41 4
19 65
52 13
39 43
10 16
2 12
62 63
54 59
4 58
51 53
43 49
16 32
35 45
36 10
28 6
1 52
47 19
59 30
49 65
9 29
29 7
48 20
6 23
54 36
31 52
43 26
65 50
16 45
28 19
1 65
21 16
61 52
8 46
11 51
31 29
20 56
13 17
32 30
64 62
43 39
46 50
65 63
58 24
50 20
39 46
12 29
4 25
43 16
34 53
4 61
37 58
57 36
36 13
49 32
28 9
50 33
61 42
27 49
11 41
12 6
30 54
31 19
33 65
12 42
53 43
13 7
32 20
4 38
24 16
56 48
22 55
55 3
1 32
46 40
65 53
38 36
58 14
49 45
42 6
61 19
26 61
18 57
30 31
62 20
41 46
31 32
23 28
43 6
64 65
49 22
15 29
27 3
58 27
30 8
27 39
19 35
39 13
31 9
23 5
53 33
25 51
44 64
45 29
4 28
65 7
16 2
22 45
26 15
46 30
58 4
49 35
61 9
8 3
18 47
19 12
11 8
60 49
33 32
52 45
44 41
23 18
10 48
56 15
2 44
34 33
38 3
56 51
3 45
14 54
26 28
59 62
17 65
42 9
48 52
52 22
34 10
53 23
37 15
56 28
2 57
22 35
14 31
18 1
38 16
49 25
15 32
28 51
47 64
48 29
18 37
63 45
29 52
33 22
52 35
25 18
44 31
10 38
2 34
22 12
34 23
37 28
32 62
57 6
3 35
14 44
55 45
47 41
59 52
18 14
9 51
28 64
21 25
40 38
41 39
54 58
33 35
45 9
43 48
13 62
17 32
55 58
48 19
40 15
5 57
21 38
41 16
6 58
52 25
25 8
39 55
2 24
32 52
24 48
3 25
35 57
48 32
40 28
60 6
6 35
10 5
2 1
20 55
12 51
51 42
2 37
47 8
13 52
65 62
16 57
17 22
36 35
9 18
40 5
5 47
6 12
9 54
50 55
21 28
62 29
41 6
8 58
39 45
51 19
2 14
43 15
13 29
4 60
51 55
35 47
36 12
55 25
28 8
46 62
17 35
58 36
63 2
9 31
28 44
61 41
20 45
39 58
4 37
24 15
35 24
13 42
65 52
17 12
57 48
36 25
26 60
5 37
50 45
42 41
61 54
62 19
8 48
19 57
11 53
43 5
20 58
12 54
4 50
65 29
16 24
55 15
46 52
5 14
49 57
42 18
30 43
42 54
62 32
8 61
20 35
35 14
1 21
34 55
46 29
37 60
38 25
58 3
15 41
38 61
30 20
42 31
8 38
27 51
19 47
39 25
12 8
30 56
34 32
4 40
64 54
56 50
57 51
58 16
42 8
15 54
61 21
60 61
12 21
53 22
44 53
64 31
22 34
34 45
53 58
37 50
38 15
56 63
57 28
15 31
27 5
30 10
50 25
42 21
19 37
20 2
39 15
52 34
31 11
41 61
33 57
34 22
45 31
37 27
56 40
57 5
3 34
26 17
46 32
59 51
49 37
50 2
61 11
8 5
18 49
11 10
30 23
21 60
60 51
33 34
12 11
56 17
14 20
45 44
46 9
65 22
3 47
14 56
15 21
7 17
47 53
59 64
42 11
9 63
29 41
41 15
60 28
52 24
44 20
10 27
45 21
22 37
59 41
17 44
36 57
28 53
7 30
27 8
60 5
6 34
30 13
29 54
21 50
33 24
52 37
53 2
64 11
10 40
2 36
14 10
37 30
49 4
18 16
59 54
5 46
52 14
10 17
54 60
25 33
45 11
32 41
56 20
51 54
3 14
55 24
1 53
59 31
36 47
29 8
48 21
40 17
63 37
21 40
41 18
25 10
39 57
2 26
13 41
32 54
24 50
43 63
16 46
36 24
28 20
9 43
48 34
21 17
61 53
40 30
27 60
6 37
52 4
10 7
20 57
32 31
4 49
23 62
55 14
65 64
28 33
48 11
58 61
33 4
20 34
39 47
11 65
23 39
13 31
36 14
55 27
1 56
5 26
61 43
62 8
39 24
20 47
13 8
31 56
4 39
32 21
24 17
55 4
16 49
17 14
58 15
28 23
5 39
18 58
50 47
8 50
54 17
27 63
19 59
39 37
43 7
4 52
45 53
56 62
1 46
14 65
46 54
50 24
42 20
61 33
11 32
8 63
41 60
20 37
12 33
44 65
4 29
24 7
1 23
34 57
65 44
57 40
58 5
61 10
26 52
18 48
38 63
50 37
42 33
8 40
27 53
19 49
60 50
20 14
11 45
4 6
51 1
45 43
37 39
57 17
49 13
15 20
26 29
46 44
18 25
38 40
15 56
27 30
30 35
60 63
12 23
44 55
4 19
32 1
64 33
45 20
10 62
56 29
2 58
22 36
45 56
38 17
15 33
27 7
8 30
31 13
23 9
33 59
34 24
25 55
53 37
65 11
56 42
15 10
26 19
18 15
59 53
58 8
19 16
60 17
41 40
25 32
4 9
64 23
37 6
10 52
14 22
37 42
49 16
36 46
55 59
15 23
7 19
18 28
30 2
63 36
29 43
33 13
6 59
52 26
45 23
56 32
3 26
14 35
63 13
29 20
19 6
60 7
63 49
62 53
53 4
25 22
44 35
10 42
22 16
55 49
28 32
47 45
5 48
58 60
61 65
60 20
33 3
6 49
44 12
54 62
43 52
35 48
14 25
17 36
9 32
48 23
21 6
41 20
33 16
39 59
51 33
23 51
2 28
14 2
13 43
59 10
16 48
35 61
28 22
5 38
6 3
50 46
29 23
27 62
44 2
10 9
2 5
32 33
23 64
43 42
16 25
36 3
55 16
47 12
13 56
9 22
15 65
58 63
50 59
8 62
54 29
20 36
25 2
31 45
32 10
51 23
43 19
1 22
4 64
32 46
16 38
36 16
47 25
5 28
50 36
61 45
62 10
8 39
27 52
39 26
31 22
62 46
12 45
4 41
51 36
58 17
9 12
50 13
15 55
7 51
26 64
18 60
58 53
62 23
8 52
27 65
19 61
20 26
31 35
35 5
1 12
34 46
13 23
45 55
37 51
16 28
28 2
46 56
5 18
49 61
61 35
27 42
39 16
31 12
23 8
41 62
4 31
32 13
23 44
65 10
35 18
46 33
37 64
57 42
58 7
49 38
61 12
8 6
26 54
19 15
62 13
54 9
23 21
51 3
1 2
53 49
46 10
64 58
65 23
38 6
56 54
14 57
18 27
38 42
58 20
48 55
27 32
19 28
60 29
60 65
52 61
25 44
4 21
44 57
10 64
56 31
2 60
14 34
38 19
63 48
29 55
40 64
20 6
60 42
44 34
64 12
10 41
41 65
33 61
34 26
53 39
25 57
45 35
56 44
57 9
3 38
49 5
22 51
14 47
7 8
